Data_ID,Machine_ID,Time_stamp,Machine_Mode,Heating1State,Heating2State,HeatingTemperature,SprinklerState,InitialWeight,LinnenWeight,DrumState,DrumDirection,DrumSpeed,DrumAirHumidity,DrumAirTemperature,InputAirHumidity,InputAirTemperature,OutputAirHumidity,OutputAirTemperature,FanState,FanDirection,FanSpeed,Option1,Option2,Option3,Option4,Option5
1096605,"111004                                                                                                                                                                                                                                                         ",2019-03-17 09:24:39.000,"Start     ","Off       ","Off       ",85,"Off       ",0,15.6000004,"Off       ","Middle    ",0,0,91,52.2000008,90.3199997,65.1637955,87.8000031,"Off       ","Middle    ",0,0,NULL,NULL,1552814679000,1552814679000
1096606,"111004                                                                                                                                                                                                                                                         ",2019-03-17 09:24:40.000,"Start     ","Off       ","Off       ",85,"Off       ",0,15.6000004,"Off       ","Middle    ",0,0,91,52.2000008,90.1399994,65.1637955,87.8000031,"Off       ","Middle    ",0,0,NULL,NULL,1552814680000,1552814680000
1096607,"111004                                                                                                                                                                                                                                                         ",2019-03-17 09:24:41.000,"Start     ","Off       ","Off       ",85,"Off       ",0,15.6000004,"Off       ","Middle    ",0,0,91,52.2000008,90.3199997,65.0715027,87.8000031,"Off       ","Middle    ",0,0,NULL,NULL,1552814681000,1552814681000
1096608,"111004                                                                                                                                                                                                                                                         ",2019-03-17 09:24:42.000,"Start     ","Off       ","Off       ",85,"Off       ",0,15.6000004,"Off       ","Middle    ",0,0,91,52.2000008,90.3199997,65.1637955,87.8000031,"Off       ","Middle    ",0,0,NULL,NULL,1552814682000,1552814682000
1096609,"111004                                                                                                                                                                                                                                                         ",2019-03-17 09:24:43.000,"Start     ","On        ","On        ",85,"Off       ",0,15.6000004,"On        ","Right     ",4,0,92,52.2000008,90.3199997,65.1637955,87.8000031,"On        ","Right     ",1,0,NULL,NULL,1552814683000,1552814683000
1096610,"111004                                                                                                                                                                                                                                                         ",2019-03-17 09:24:44.000,"Start     ","On        ","On        ",85,"Off       ",0,15.6000004,"On        ","Right     ",4,0,91,52.2000008,90.3199997,65.0715027,87.8000031,"On        ","Right     ",1,0,NULL,NULL,1552814684000,1552814684000
1096611,"111004                                                                                                                                                                                                                                                         ",2019-03-17 09:24:45.000,"Start     ","On        ","On        ",85,"Off       ",0,15.6000004,"On        ","Right     ",4,0,91,52.0999985,90.1399994,65.0715027,87.8000031,"On        ","Right     ",1,0,NULL,NULL,1552814685000,1552814685000
1096612,"111004                                                                                                                                                                                                                                                         ",2019-03-17 09:24:46.000,"Start     ","On        ","On        ",85,"Off       ",0,15.8000002,"On        ","Right     ",4,0,92,52.0999985,90.3199997,65.4407043,87.8000031,"On        ","Right     ",1,0,NULL,NULL,1552814686000,1552814686000
1096613,"111004                                                                                                                                                                                                                                                         ",2019-03-17 09:24:47.000,"Start     ","On        ","On        ",85,"Off       ",0,15.4499998,"On        ","Right     ",4,0,92,52,90.3199997,65.717598,87.8000031,"On        ","Right     ",1,0,NULL,NULL,1552814687000,1552814687000
1096614,"111004                                                                                                                                                                                                                                                         ",2019-03-17 09:24:48.000,"Start     ","On        ","On        ",85,"Off       ",0,14.8000002,"On        ","Right     ",4,0,92,51.9000015,90.3199997,65.9944992,87.8000031,"On        ","Right     ",1,0,NULL,NULL,1552814688000,1552814688000
1096615,"111004                                                                                                                                                                                                                                                         ",2019-03-17 09:24:49.000,"Start     ","On        ","On        ",85,"Off       ",0,16,"On        ","Right     ",4,0,92,51.7999992,90.3199997,66.3637009,87.9800034,"On        ","Right     ",1,0,NULL,NULL,1552814689000,1552814689000
1096616,"111004                                                                                                                                                                                                                                                         ",2019-03-17 09:24:50.000,"Start     ","On        ","On        ",86,"Off       ",0,15.6000004,"On        ","Right     ",4,0,92,51.7000008,90.3199997,67.1944046,87.9800034,"On        ","Right     ",1,0,NULL,NULL,1552814690000,1552814690000
1096617,"111004                                                                                                                                                                                                                                                         ",2019-03-17 09:24:51.000,"Start     ","On        ","On        ",86,"Off       ",0,15.6000004,"On        ","Right     ",4,0,92,51.7000008,90.1399994,67.3789978,87.8000031,"On        ","Right     ",1,0,NULL,NULL,1552814691000,1552814691000
1096618,"111004                                                                                                                                                                                                                                                         ",2019-03-17 09:24:52.000,"Start     ","On        ","On        ",88,"Off       ",0,16.2999992,"On        ","Right     ",4,0,91,51.7000008,90.3199997,67.655899,87.8000031,"On        ","Right     ",1,0,NULL,NULL,1552814692000,1552814692000
1096619,"111004                                                                                                                                                                                                                                                         ",2019-03-17 09:24:53.000,"Start     ","On        ","On        ",88,"Off       ",0,16.1499996,"On        ","Right     ",4,0,91,51.7999992,90.3199997,68.1174011,87.8000031,"On        ","Right     ",1,0,NULL,NULL,1552814693000,1552814693000
1096620,"111004                                                                                                                                                                                                                                                         ",2019-03-17 09:24:54.000,"Start     ","On        ","On        ",92,"Off       ",0,16.4500008,"On        ","Right     ",4,0,91,51.7999992,90.3199997,68.5789032,87.9800034,"On        ","Right     ",1,0,NULL,NULL,1552814694000,1552814694000
1096621,"111004                                                                                                                                                                                                                                                         ",2019-03-17 09:24:55.000,"Start     ","On        ","On        ",92,"Off       ",0,15.1000004,"On        ","Right     ",4,0,91,51.7999992,90.3199997,69.1326981,87.8000031,"On        ","Right     ",1,0,NULL,NULL,1552814695000,1552814695000
1096622,"111004                                                                                                                                                                                                                                                         ",2019-03-17 09:24:56.000,"Start     ","On        ","On        ",96,"Off       ",0,15.1000004,"On        ","Right     ",4,0,91,51.7999992,90.5,69.8710938,87.8000031,"On        ","Right     ",1,0,NULL,NULL,1552814696000,1552814696000
1096623,"111004                                                                                                                                                                                                                                                         ",2019-03-17 09:24:57.000,"Start     ","On        ","On        ",96,"Off       ",0,16.1499996,"On        ","Right     ",4,0,91,51.9000015,90.3199997,70.2402954,87.8000031,"On        ","Right     ",1,0,NULL,NULL,1552814697000,1552814697000
1096624,"111004                                                                                                                                                                                                                                                         ",2019-03-17 09:24:58.000,"Start     ","On        ","On        ",102,"Off       ",0,15.5,"On        ","Right     ",4,0,91,51.9000015,90.3199997,70.7940979,87.8000031,"On        ","Right     ",1,0,NULL,NULL,1552814698000,1552814698000
1096625,"111004                                                                                                                                                                                                                                                         ",2019-03-17 09:24:59.000,"Start     ","On        ","On        ",102,"Off       ",0,15.8500004,"On        ","Right     ",4,0,91,51.9000015,90.3199997,71.3479004,87.8000031,"On        ","Right     ",1,0,NULL,NULL,1552814699000,1552814699000
1096626,"111004                                                                                                                                                                                                                                                         ",2019-03-17 09:25:00.000,"Start     ","On        ","On        ",108,"Off       ",0,16,"On        ","Right     ",4,0,91,51.9000015,90.3199997,71.9940033,87.9800034,"On        ","Right     ",1,0,NULL,NULL,1552814700000,1552814700000
1096627,"111004                                                                                                                                                                                                                                                         ",2019-03-17 09:25:01.000,"Start     ","On        ","On        ",108,"Off       ",0,14.8000002,"On        ","Right     ",4,0,91,51.9000015,90.3199997,72.0862961,87.8000031,"On        ","Right     ",1,0,NULL,NULL,1552814701000,1552814701000
1096628,"111004                                                                                                                                                                                                                                                         ",2019-03-17 09:25:02.000,"Start     ","On        ","On        ",114,"Off       ",0,15.8500004,"On        ","Right     ",4,0,91,51.9000015,90.3199997,72.8246994,87.8000031,"On        ","Right     ",1,0,NULL,NULL,1552814702000,1552814702000
1096629,"111004                                                                                                                                                                                                                                                         ",2019-03-17 09:25:03.000,"Start     ","On        ","On        ",114,"Off       ",0,16.3500004,"On        ","Right     ",4,0,91,51.9000015,90.3199997,73.3785019,87.8000031,"On        ","Right     ",1,0,NULL,NULL,1552814703000,1552814703000
1096630,"111004                                                                                                                                                                                                                                                         ",2019-03-17 09:25:04.000,"Start     ","On        ","On        ",120,"Off       ",0,14,"On        ","Right     ",4,0,91,51.9000015,90.3199997,74.0245972,87.8000031,"On        ","Right     ",1,0,NULL,NULL,1552814704000,1552814704000
1096631,"111004                                                                                                                                                                                                                                                         ",2019-03-17 09:25:05.000,"Start     ","On        ","On        ",120,"Off       ",0,15.8500004,"On        ","Right     ",4,0,91,51.9000015,90.3199997,74.6707001,87.8000031,"On        ","Right     ",1,0,NULL,NULL,1552814705000,1552814705000
1096632,"111004                                                                                                                                                                                                                                                         ",2019-03-17 09:25:06.000,"Start     ","On        ","On        ",126,"Off       ",0,15.75,"On        ","Right     ",4,0,91,51.9000015,90.3199997,75.2245026,87.8000031,"On        ","Right     ",1,0,NULL,NULL,1552814706000,1552814706000
1096633,"111004                                                                                                                                                                                                                                                         ",2019-03-17 09:25:07.000,"Start     ","On        ","On        ",126,"Off       ",0,16.7999992,"On        ","Right     ",4,0,91,51.9000015,90.5,75.8705978,87.9800034,"On        ","Right     ",1,0,NULL,NULL,1552814707000,1552814707000
1096634,"111004                                                                                                                                                                                                                                                         ",2019-03-17 09:25:08.000,"Start     ","On        ","On        ",132,"Off       ",0,13.9750004,"On        ","Right     ",4,0,91,51.9000015,90.3199997,77.0705032,87.8000031,"On        ","Right     ",1,0,NULL,NULL,1552814708000,1552814708000
1096635,"111004                                                                                                                                                                                                                                                         ",2019-03-17 09:25:09.000,"Start     ","On        ","On        ",132,"Off       ",0,13.9750004,"On        ","Right     ",4,0,91,51.9000015,90.3199997,77.3474045,87.8000031,"On        ","Right     ",1,0,NULL,NULL,1552814709000,1552814709000
1096636,"111004                                                                                                                                                                                                                                                         ",2019-03-17 09:25:10.000,"Start     ","On        ","On        ",132,"Off       ",0,14.9499998,"On        ","Right     ",4,0,91,51.9000015,90.3199997,77.7165985,87.9800034,"On        ","Right     ",1,0,NULL,NULL,1552814710000,1552814710000
1096637,"111004                                                                                                                                                                                                                                                         ",2019-03-17 09:25:11.000,"Start     ","On        ","On        ",137,"Off       ",0,16.5,"On        ","Right     ",4,0,92,51.9000015,90.3199997,78.1781006,87.8000031,"On        ","Right     ",1,0,NULL,NULL,1552814711000,1552814711000
1096638,"111004                                                                                                                                                                                                                                                         ",2019-03-17 09:25:12.000,"Start     ","On        ","On        ",137,"Off       ",0,15.75,"On        ","Right     ",4,0,92,52,90.3199997,79.0087967,87.9800034,"On        ","Right     ",1,0,NULL,NULL,1552814712000,1552814712000
1096639,"111004                                                                                                                                                                                                                                                         ",2019-03-17 09:25:13.000,"Start     ","On        ","On        ",143,"Off       ",0,16.1499996,"On        ","Right     ",4,0,92,52,90.3199997,79.2856979,87.9800034,"On        ","Right     ",1,0,NULL,NULL,1552814713000,1552814713000
1096640,"111004                                                                                                                                                                                                                                                         ",2019-03-17 09:25:14.000,"Start     ","On        ","On        ",143,"Off       ",0,15.9499998,"On        ","Right     ",4,0,92,52.0999985,90.5,80.0240936,87.9800034,"On        ","Right     ",1,0,NULL,NULL,1552814714000,1552814714000
1096641,"111004                                                                                                                                                                                                                                                         ",2019-03-17 09:25:15.000,"Start     ","On        ","On        ",143,"Off       ",0,16.3500004,"On        ","Right     ",4,0,92,52.0999985,90.3199997,80.5779037,87.8000031,"On        ","Right     ",1,0,NULL,NULL,1552814715000,1552814715000
1096642,"111004                                                                                                                                                                                                                                                         ",2019-03-17 09:25:16.000,"Start     ","On        ","On        ",143,"Off       ",0,15.6999998,"On        ","Right     ",4,0,92,52.2000008,90.3199997,81.223999,87.9800034,"On        ","Right     ",1,0,NULL,NULL,1552814716000,1552814716000
1096643,"111004                                                                                                                                                                                                                                                         ",2019-03-17 09:25:17.000,"Start     ","On        ","On        ",143,"Off       ",0,15,"On        ","Right     ",4,0,92,52.0999985,90.3199997,81.8700943,87.9800034,"On        ","Right     ",1,0,NULL,NULL,1552814717000,1552814717000
1096644,"111004                                                                                                                                                                                                                                                         ",2019-03-17 09:25:18.000,"Start     ","On        ","On        ",143,"Off       ",0,14.6499996,"On        ","Right     ",4,0,92,52.2000008,90.3199997,82.5162048,87.8000031,"On        ","Right     ",1,0,NULL,NULL,1552814718000,1552814718000
1096645,"111004                                                                                                                                                                                                                                                         ",2019-03-17 09:25:19.000,"Start     ","On        ","On        ",155,"Off       ",0,16.25,"On        ","Right     ",4,0,92,52.2000008,90.3199997,83.2546005,87.9800034,"On        ","Right     ",1,0,NULL,NULL,1552814719000,1552814719000
1096646,"111004                                                                                                                                                                                                                                                         ",2019-03-17 09:25:20.000,"Start     ","On        ","On        ",159,"Off       ",0,15.1499996,"On        ","Right     ",4,0,92,52.2000008,90.3199997,83.716095,87.9800034,"On        ","Right     ",1,0,NULL,NULL,1552814720000,1552814720000
1096647,"111004                                                                                                                                                                                                                                                         ",2019-03-17 09:25:21.000,"Start     ","On        ","On        ",159,"Off       ",0,15.8999996,"On        ","Right     ",4,0,92,52.2000008,90.3199997,84.4544983,87.9800034,"On        ","Right     ",1,0,NULL,NULL,1552814721000,1552814721000
1096648,"111004                                                                                                                                                                                                                                                         ",2019-03-17 09:25:22.000,"Start     ","On        ","On        ",164,"Off       ",0,15.4249992,"On        ","Right     ",4,0,92,52.2000008,90.3199997,85.7467041,87.9800034,"On        ","Right     ",1,0,NULL,NULL,1552814722000,1552814722000
1096649,"111004                                                                                                                                                                                                                                                         ",2019-03-17 09:25:23.000,"Start     ","On        ","On        ",164,"Off       ",0,15.4249992,"On        ","Right     ",4,0,92,52.2000008,90.3199997,86.1159058,87.9800034,"On        ","Right     ",1,0,NULL,NULL,1552814723000,1552814723000
1096650,"111004                                                                                                                                                                                                                                                         ",2019-03-17 09:25:24.000,"Start     ","On        ","On        ",169,"Off       ",0,14.1000004,"On        ","Right     ",4,0,92,52.2000008,90.3199997,86.300499,88.1600037,"On        ","Right     ",1,0,NULL,NULL,1552814724000,1552814724000
1096651,"111004                                                                                                                                                                                                                                                         ",2019-03-17 09:25:25.000,"Start     ","On        ","On        ",169,"Off       ",0,15.1499996,"On        ","Right     ",4,0,92,52.2000008,90.3199997,87.2235031,87.9800034,"On        ","Right     ",1,0,NULL,NULL,1552814725000,1552814725000
1096652,"111004                                                                                                                                                                                                                                                         ",2019-03-17 09:25:26.000,"Start     ","On        ","On        ",173,"Off       ",0,15.5,"Off       ","Middle    ",0,0,92,52.2000008,90.3199997,87.8695984,87.9800034,"On        ","Right     ",1,0,NULL,NULL,1552814726000,1552814726000
1096653,"111004                                                                                                                                                                                                                                                         ",2019-03-17 09:25:27.000,"Start     ","On        ","On        ",173,"Off       ",0,15.75,"Off       ","Middle    ",0,0,92,52.2000008,90.3199997,88.5157013,87.9800034,"On        ","Right     ",1,0,NULL,NULL,1552814727000,1552814727000
1096654,"111004                                                                                                                                                                                                                                                         ",2019-03-17 09:25:28.000,"Start     ","On        ","On        ",178,"Off       ",0,16.7999992,"Off       ","Middle    ",0,0,92,52.2000008,90.1399994,89.1617966,88.1600037,"On        ","Right     ",1,0,NULL,NULL,1552814728000,1552814728000
1096655,"111004                                                                                                                                                                                                                                                         ",2019-03-17 09:25:29.000,"Start     ","On        ","On        ",178,"Off       ",0,16.8999996,"Off       ","Middle    ",0,0,92,52.2999992,90.5,89.8078995,88.1600037,"On        ","Right     ",1,0,NULL,NULL,1552814729000,1552814729000
1096656,"111004                                                                                                                                                                                                                                                         ",2019-03-17 09:25:30.000,"Start     ","On        ","On        ",181,"Off       ",0,15.8000002,"Off       ","Middle    ",0,0,92,52.2000008,90.3199997,90.6385956,88.1600037,"On        ","Right     ",1,0,NULL,NULL,1552814730000,1552814730000
1096657,"111004                                                                                                                                                                                                                                                         ",2019-03-17 09:25:31.000,"Start     ","On        ","On        ",181,"Off       ",0,15.8500004,"Off       ","Middle    ",0,0,92,52.2999992,90.3199997,91.2846985,88.1600037,"On        ","Right     ",1,0,NULL,NULL,1552814731000,1552814731000
1096658,"111004                                                                                                                                                                                                                                                         ",2019-03-17 09:25:32.000,"Start     ","On        ","On        ",181,"Off       ",0,15.5,"On        ","Left      ",4,0,92,52.2999992,90.3199997,91.9308014,88.1600037,"On        ","Right     ",1,0,NULL,NULL,1552814732000,1552814732000
1096659,"111004                                                                                                                                                                                                                                                         ",2019-03-17 09:25:33.000,"Start     ","On        ","On        ",181,"Off       ",0,15.6499996,"On        ","Left      ",4,0,92,52.4000015,90.3199997,92.2077026,88.1600037,"On        ","Right     ",1,0,NULL,NULL,1552814733000,1552814733000
1096660,"111004                                                                                                                                                                                                                                                         ",2019-03-17 09:25:34.000,"Start     ","On        ","On        ",181,"Off       ",0,15.5,"On        ","Left      ",4,0,92,52.4000015,90.3199997,92.2077026,88.3399963,"On        ","Right     ",1,0,NULL,NULL,1552814734000,1552814734000
1096661,"111004                                                                                                                                                                                                                                                         ",2019-03-17 09:25:35.000,"Start     ","On        ","On        ",181,"Off       ",0,15.6999998,"On        ","Left      ",4,0,92,52.5,90.3199997,92.2077026,88.1600037,"On        ","Right     ",1,0,NULL,NULL,1552814735000,1552814735000
1096662,"111004                                                                                                                                                                                                                                                         ",2019-03-17 09:25:36.000,"Start     ","On        ","On        ",181,"Off       ",0,15.3999996,"On        ","Left      ",4,0,92,52.5,90.3199997,92.2077026,88.1600037,"On        ","Right     ",1,0,NULL,NULL,1552814736000,1552814736000
1096663,"111004                                                                                                                                                                                                                                                         ",2019-03-17 09:25:37.000,"Start     ","On        ","On        ",190,"Off       ",0,15.9499998,"On        ","Left      ",4,0,93,52.5,90.5,92.2077026,88.3399963,"On        ","Right     ",1,0,NULL,NULL,1552814737000,1552814737000
1096664,"111004                                                                                                                                                                                                                                                         ",2019-03-17 09:25:38.000,"Start     ","On        ","On        ",192,"Off       ",0,13.6999998,"On        ","Left      ",4,0,93,52.5999985,90.5,92.2077026,88.1600037,"On        ","Right     ",1,0,NULL,NULL,1552814738000,1552814738000
1096665,"111004                                                                                                                                                                                                                                                         ",2019-03-17 09:25:39.000,"Start     ","On        ","On        ",192,"Off       ",0,15.1000004,"On        ","Left      ",4,0,93,52.5,90.3199997,92.2077026,88.1600037,"On        ","Right     ",1,0,NULL,NULL,1552814739000,1552814739000
1096666,"111004                                                                                                                                                                                                                                                         ",2019-03-17 09:25:40.000,"Start     ","On        ","On        ",194,"Off       ",0,14.9499998,"On        ","Left      ",4,0,93,52.5,90.3199997,92.2077026,88.3399963,"On        ","Right     ",1,0,NULL,NULL,1552814740000,1552814740000
1096667,"111004                                                                                                                                                                                                                                                         ",2019-03-17 09:25:41.000,"Start     ","On        ","On        ",194,"Off       ",0,15.6000004,"On        ","Left      ",4,0,93,52.5,90.5,92.2077026,88.3399963,"On        ","Right     ",1,0,NULL,NULL,1552814741000,1552814741000
1096668,"111004                                                                                                                                                                                                                                                         ",2019-03-17 09:25:42.000,"Start     ","On        ","On        ",199,"Off       ",0,15.25,"On        ","Left      ",4,0,93,52.5,90.3199997,92.2077026,88.3399963,"On        ","Right     ",1,0,NULL,NULL,1552814742000,1552814742000
1096669,"111004                                                                                                                                                                                                                                                         ",2019-03-17 09:25:43.000,"Start     ","On        ","On        ",199,"Off       ",0,16,"On        ","Left      ",4,0,93,52.5,90.3199997,92.2077026,88.3399963,"On        ","Right     ",1,0,NULL,NULL,1552814743000,1552814743000
1096670,"111004                                                                                                                                                                                                                                                         ",2019-03-17 09:25:44.000,"Start     ","On        ","On        ",201,"Off       ",0,16.4500008,"On        ","Left      ",4,0,94,52.5999985,90.3199997,92.2077026,88.3399963,"On        ","Right     ",1,0,NULL,NULL,1552814744000,1552814744000
1096671,"111004                                                                                                                                                                                                                                                         ",2019-03-17 09:25:45.000,"Start     ","On        ","On        ",201,"Off       ",0,16.1000004,"On        ","Left      ",4,0,94,52.5999985,90.5,92.2077026,88.3399963,"On        ","Right     ",1,0,NULL,NULL,1552814745000,1552814745000
1096672,"111004                                                                                                                                                                                                                                                         ",2019-03-17 09:25:46.000,"Start     ","On        ","On        ",201,"Off       ",0,15.7749996,"On        ","Left      ",4,0,94,52.7000008,90.3199997,92.2077026,88.5199966,"On        ","Right     ",1,0,NULL,NULL,1552814746000,1552814746000
1096673,"111004                                                                                                                                                                                                                                                         ",2019-03-17 09:25:47.000,"Start     ","On        ","On        ",201,"Off       ",0,15.7749996,"On        ","Left      ",4,0,94,52.7000008,90.5,92.2077026,88.5199966,"On        ","Right     ",1,0,NULL,NULL,1552814747000,1552814747000
1096674,"111004                                                                                                                                                                                                                                                         ",2019-03-17 09:25:48.000,"Start     ","On        ","On        ",201,"Off       ",0,14.9499998,"On        ","Left      ",4,0,94,52.7999992,90.3199997,92.2077026,88.5199966,"On        ","Right     ",1,0,NULL,NULL,1552814748000,1552814748000
1096675,"111004                                                                                                                                                                                                                                                         ",2019-03-17 09:25:49.000,"Start     ","On        ","On        ",201,"Off       ",0,15.1999998,"On        ","Left      ",4,0,94,52.7999992,90.5,92.2077026,88.5199966,"On        ","Right     ",1,0,NULL,NULL,1552814749000,1552814749000
1096676,"111004                                                                                                                                                                                                                                                         ",2019-03-17 09:25:50.000,"Start     ","On        ","On        ",201,"Off       ",0,15.8999996,"On        ","Left      ",4,0,94,52.9000015,90.3199997,92.2077026,88.6999969,"On        ","Right     ",1,0,NULL,NULL,1552814750000,1552814750000
1096677,"111004                                                                                                                                                                                                                                                         ",2019-03-17 09:25:51.000,"Start     ","On        ","On        ",208,"Off       ",0,15.3500004,"On        ","Left      ",4,0,94,52.7999992,90.3199997,92.2077026,88.5199966,"On        ","Right     ",1,0,NULL,NULL,1552814751000,1552814751000
1096678,"111004                                                                                                                                                                                                                                                         ",2019-03-17 09:25:52.000,"Start     ","On        ","On        ",208,"Off       ",0,16,"On        ","Left      ",4,0,94,52.9000015,90.3199997,92.2077026,88.6999969,"On        ","Right     ",1,0,NULL,NULL,1552814752000,1552814752000
1096679,"111004                                                                                                                                                                                                                                                         ",2019-03-17 09:25:53.000,"Start     ","On        ","On        ",211,"Off       ",0,15.4499998,"On        ","Left      ",4,0,94,52.9000015,90.3199997,92.2077026,88.6999969,"On        ","Right     ",1,0,NULL,NULL,1552814753000,1552814753000
1096680,"111004                                                                                                                                                                                                                                                         ",2019-03-17 09:25:54.000,"Start     ","On        ","On        ",211,"Off       ",0,15.4499998,"On        ","Left      ",4,0,94,52.9000015,90.5,92.2077026,88.8799973,"On        ","Right     ",1,0,NULL,NULL,1552814754000,1552814754000
1096681,"111004                                                                                                                                                                                                                                                         ",2019-03-17 09:25:55.000,"Start     ","On        ","On        ",211,"Off       ",0,15.6999998,"On        ","Left      ",4,0,94,53,90.5,92.2077026,88.6999969,"On        ","Right     ",1,0,NULL,NULL,1552814755000,1552814755000
1096682,"111004                                                                                                                                                                                                                                                         ",2019-03-17 09:25:56.000,"Start     ","On        ","On        ",211,"Off       ",0,16.1499996,"On        ","Left      ",4,0,94,53.0999985,90.3199997,92.2077026,88.8799973,"On        ","Right     ",1,0,NULL,NULL,1552814756000,1552814756000
1096683,"111004                                                                                                                                                                                                                                                         ",2019-03-17 09:25:57.000,"Start     ","On        ","On        ",211,"Off       ",0,15.4499998,"On        ","Left      ",4,0,94,53.0999985,90.5,92.2077026,88.8799973,"On        ","Right     ",1,0,NULL,NULL,1552814757000,1552814757000
1096684,"111004                                                                                                                                                                                                                                                         ",2019-03-17 09:25:58.000,"Start     ","On        ","On        ",211,"Off       ",0,15.6000004,"On        ","Left      ",4,0,94,53.0999985,90.5,92.2077026,88.8799973,"On        ","Right     ",1,0,NULL,NULL,1552814758000,1552814758000
1096685,"111004                                                                                                                                                                                                                                                         ",2019-03-17 09:25:59.000,"Start     ","On        ","On        ",211,"Off       ",0,15.6000004,"On        ","Left      ",4,0,94,53.0999985,90.3199997,92.2077026,88.6999969,"On        ","Right     ",1,0,NULL,NULL,1552814759000,1552814759000
1096686,"111004                                                                                                                                                                                                                                                         ",2019-03-17 09:26:00.000,"Start     ","On        ","On        ",217,"Off       ",0,16.2000008,"On        ","Left      ",4,0,94,53.0999985,90.5,92.2077026,88.8799973,"On        ","Right     ",1,0,NULL,NULL,1552814760000,1552814760000
1096687,"111004                                                                                                                                                                                                                                                         ",2019-03-17 09:26:01.000,"Start     ","On        ","On        ",218,"Off       ",0,14.1499996,"On        ","Left      ",4,0,95,53.2000008,90.5,92.2077026,88.8799973,"On        ","Right     ",1,0,NULL,NULL,1552814761000,1552814761000
1096688,"111004                                                                                                                                                                                                                                                         ",2019-03-17 09:26:02.000,"Start     ","On        ","On        ",218,"Off       ",0,15.8999996,"On        ","Left      ",4,0,95,53.4000015,90.5,92.2077026,89.0599976,"On        ","Right     ",1,0,NULL,NULL,1552814762000,1552814762000
1096689,"111004                                                                                                                                                                                                                                                         ",2019-03-17 09:26:03.000,"Start     ","On        ","On        ",220,"Off       ",0,15.6999998,"On        ","Left      ",4,0,95,53.2999992,90.3199997,92.2077026,89.0599976,"On        ","Right     ",1,0,NULL,NULL,1552814763000,1552814763000
1096690,"111004                                                                                                                                                                                                                                                         ",2019-03-17 09:26:04.000,"Start     ","On        ","On        ",220,"Off       ",0,15.8999996,"On        ","Left      ",4,0,95,53.4000015,90.5,92.2077026,89.0599976,"On        ","Right     ",1,0,NULL,NULL,1552814764000,1552814764000
1096691,"111004                                                                                                                                                                                                                                                         ",2019-03-17 09:26:05.000,"Start     ","On        ","On        ",221,"Off       ",0,13.8999996,"On        ","Left      ",4,0,95,53.4000015,90.3199997,92.2077026,89.2399979,"On        ","Right     ",1,0,NULL,NULL,1552814765000,1552814765000
1096692,"111004                                                                                                                                                                                                                                                         ",2019-03-17 09:26:06.000,"Start     ","On        ","On        ",221,"Off       ",0,15.75,"On        ","Left      ",4,0,95,53.4000015,90.5,92.2077026,89.2399979,"On        ","Right     ",1,0,NULL,NULL,1552814766000,1552814766000
1096693,"111004                                                                                                                                                                                                                                                         ",2019-03-17 09:26:07.000,"Start     ","On        ","On        ",221,"Off       ",0,16.9500008,"On        ","Left      ",4,0,95,53.5999985,90.3199997,92.2077026,89.2399979,"On        ","Right     ",1,0,NULL,NULL,1552814767000,1552814767000
1096694,"111004                                                                                                                                                                                                                                                         ",2019-03-17 09:26:08.000,"Start     ","On        ","On        ",223,"Off       ",0,17.9500008,"On        ","Left      ",4,0,95,53.5999985,90.5,92.2077026,89.2399979,"On        ","Right     ",1,0,NULL,NULL,1552814768000,1552814768000
1096695,"111004                                                                                                                                                                                                                                                         ",2019-03-17 09:26:09.000,"Start     ","On        ","On        ",223,"Off       ",0,15.3500004,"On        ","Left      ",4,0,95,53.5,90.3199997,92.2077026,89.4199982,"On        ","Right     ",1,0,NULL,NULL,1552814769000,1552814769000
1096696,"111004                                                                                                                                                                                                                                                         ",2019-03-17 09:26:10.000,"Start     ","On        ","On        ",225,"Off       ",0,14.8999996,"On        ","Left      ",4,0,95,53.5999985,90.5,92.2077026,89.2399979,"On        ","Right     ",1,0,NULL,NULL,1552814770000,1552814770000
1096697,"111004                                                                                                                                                                                                                                                         ",2019-03-17 09:26:11.000,"Start     ","On        ","On        ",225,"Off       ",0,15.6499996,"On        ","Left      ",4,0,95,53.5999985,90.5,92.2077026,89.4199982,"On        ","Right     ",1,0,NULL,NULL,1552814771000,1552814771000
1096698,"111004                                                                                                                                                                                                                                                         ",2019-03-17 09:26:12.000,"Start     ","On        ","On        ",225,"Off       ",0,14,"On        ","Left      ",4,0,95,53.7000008,90.3199997,92.2077026,89.4199982,"On        ","Right     ",1,0,NULL,NULL,1552814772000,1552814772000
1096699,"111004                                                                                                                                                                                                                                                         ",2019-03-17 09:26:13.000,"Start     ","On        ","On        ",225,"Off       ",0,15.25,"On        ","Left      ",4,0,95,53.5999985,90.5,92.2077026,89.4199982,"On        ","Right     ",1,0,NULL,NULL,1552814773000,1552814773000
1096700,"111004                                                                                                                                                                                                                                                         ",2019-03-17 09:26:14.000,"Start     ","On        ","On        ",225,"Off       ",0,16.2000008,"On        ","Left      ",4,0,95,53.7000008,90.5,92.2077026,89.4199982,"On        ","Right     ",1,0,NULL,NULL,1552814774000,1552814774000
1096701,"111004                                                                                                                                                                                                                                                         ",2019-03-17 09:26:15.000,"Start     ","On        ","On        ",225,"Off       ",0,17.7000008,"Off       ","Middle    ",0,0,95,53.7000008,90.5,92.2077026,89.5999985,"On        ","Right     ",1,0,NULL,NULL,1552814775000,1552814775000
1096702,"111004                                                                                                                                                                                                                                                         ",2019-03-17 09:26:16.000,"Start     ","On        ","On        ",231,"Off       ",0,15.25,"Off       ","Middle    ",0,0,96,53.7999992,90.5,92.2077026,89.5999985,"On        ","Right     ",1,0,NULL,NULL,1552814776000,1552814776000
1096703,"111004                                                                                                                                                                                                                                                         ",2019-03-17 09:26:17.000,"Start     ","On        ","On        ",231,"Off       ",0,14.8500004,"Off       ","Middle    ",0,0,96,54,90.5,92.2077026,89.5999985,"On        ","Right     ",1,0,NULL,NULL,1552814777000,1552814777000
1096704,"111004                                                                                                                                                                                                                                                         ",2019-03-17 09:26:18.000,"Start     ","On        ","On        ",232,"Off       ",0,14.6499996,"Off       ","Middle    ",0,0,96,54.2000008,90.3199997,92.2077026,89.5999985,"On        ","Right     ",1,0,NULL,NULL,1552814778000,1552814778000
1096705,"111004                                                                                                                                                                                                                                                         ",2019-03-17 09:26:19.000,"Start     ","On        ","On        ",232,"Off       ",0,16.0499992,"Off       ","Middle    ",0,0,96,54.2999992,90.5,92.2077026,89.7799988,"On        ","Right     ",1,0,NULL,NULL,1552814779000,1552814779000
1096706,"111004                                                                                                                                                                                                                                                         ",2019-03-17 09:26:20.000,"Start     ","On        ","On        ",233,"Off       ",0,15.4499998,"Off       ","Middle    ",0,0,96,54.4000015,90.3199997,92.2077026,89.7799988,"On        ","Right     ",1,0,NULL,NULL,1552814780000,1552814780000
1096707,"111004                                                                                                                                                                                                                                                         ",2019-03-17 09:26:21.000,"Start     ","On        ","On        ",233,"Off       ",0,15.4499998,"On        ","Right     ",4,0,96,54.2999992,90.3199997,92.2077026,89.7799988,"On        ","Right     ",1,0,NULL,NULL,1552814781000,1552814781000
1096708,"111004                                                                                                                                                                                                                                                         ",2019-03-17 09:26:22.000,"Start     ","On        ","On        ",235,"Off       ",0,15.5500002,"On        ","Right     ",4,0,96,54.2999992,90.5,92.2077026,89.7799988,"On        ","Right     ",1,0,NULL,NULL,1552814782000,1552814782000
1096709,"111004                                                                                                                                                                                                                                                         ",2019-03-17 09:26:23.000,"Start     ","On        ","On        ",235,"Off       ",0,15.4499998,"On        ","Right     ",4,0,96,54.2999992,90.5,92.2077026,89.9599991,"On        ","Right     ",1,0,NULL,NULL,1552814783000,1552814783000
1096710,"111004                                                                                                                                                                                                                                                         ",2019-03-17 09:26:24.000,"Start     ","On        ","On        ",237,"Off       ",0,15.6499996,"On        ","Right     ",4,0,96,54.2999992,90.3199997,92.2077026,89.9599991,"On        ","Right     ",1,0,NULL,NULL,1552814784000,1552814784000
1096711,"111004                                                                                                                                                                                                                                                         ",2019-03-17 09:26:25.000,"Start     ","On        ","On        ",237,"Off       ",0,15.3000002,"On        ","Right     ",4,0,96,54.2999992,90.5,92.2077026,89.9599991,"On        ","Right     ",1,0,NULL,NULL,1552814785000,1552814785000
1096712,"111004                                                                                                                                                                                                                                                         ",2019-03-17 09:26:26.000,"Start     ","On        ","On        ",237,"Off       ",0,15.1499996,"On        ","Right     ",4,0,96,54.2000008,90.6800003,92.2077026,90.1399994,"On        ","Right     ",1,0,NULL,NULL,1552814786000,1552814786000
1096713,"111004                                                                                                                                                                                                                                                         ",2019-03-17 09:26:27.000,"Start     ","On        ","On        ",239,"Off       ",0,16.3500004,"On        ","Right     ",4,0,96,54.2000008,90.5,92.2077026,90.1399994,"On        ","Right     ",1,0,NULL,NULL,1552814787000,1552814787000
1096714,"111004                                                                                                                                                                                                                                                         ",2019-03-17 09:26:28.000,"Start     ","On        ","On        ",239,"Off       ",0,15.9499998,"On        ","Right     ",4,0,96,54.0999985,90.5,92.2077026,90.1399994,"On        ","Right     ",1,0,NULL,NULL,1552814788000,1552814788000
1096715,"111004                                                                                                                                                                                                                                                         ",2019-03-17 09:26:29.000,"Start     ","On        ","On        ",240,"Off       ",0,16.8500004,"On        ","Right     ",4,0,96,54.0999985,90.5,92.2077026,90.3199997,"On        ","Right     ",1,0,NULL,NULL,1552814789000,1552814789000
1096716,"111004                                                                                                                                                                                                                                                         ",2019-03-17 09:26:30.000,"Start     ","On        ","On        ",240,"Off       ",0,15.6999998,"On        ","Right     ",4,0,96,54,90.6800003,92.2077026,90.3199997,"On        ","Right     ",1,0,NULL,NULL,1552814790000,1552814790000
1096717,"111004                                                                                                                                                                                                                                                         ",2019-03-17 09:26:31.000,"Start     ","On        ","On        ",241,"Off       ",0,15.6499996,"On        ","Right     ",4,0,97,54.0999985,90.5,92.2077026,90.3199997,"On        ","Right     ",1,0,NULL,NULL,1552814791000,1552814791000
1096718,"111004                                                                                                                                                                                                                                                         ",2019-03-17 09:26:32.000,"Start     ","On        ","On        ",241,"Off       ",0,15.3000002,"On        ","Right     ",4,0,97,54.2000008,90.5,92.2077026,90.1399994,"On        ","Right     ",1,0,NULL,NULL,1552814792000,1552814792000
1096719,"111004                                                                                                                                                                                                                                                         ",2019-03-17 09:26:33.000,"Start     ","On        ","On        ",243,"Off       ",0,17.2000008,"On        ","Right     ",4,0,97,54.0999985,90.6800003,92.2077026,90.3199997,"On        ","Right     ",1,0,NULL,NULL,1552814793000,1552814793000
1096720,"111004                                                                                                                                                                                                                                                         ",2019-03-17 09:26:34.000,"Start     ","On        ","On        ",243,"Off       ",0,16.6000004,"On        ","Right     ",4,0,97,54,90.5,92.2077026,90.5,"On        ","Right     ",1,0,NULL,NULL,1552814794000,1552814794000
1096721,"111004                                                                                                                                                                                                                                                         ",2019-03-17 09:26:35.000,"Start     ","On        ","On        ",245,"Off       ",0,14.8500004,"On        ","Right     ",4,0,97,54.0999985,90.5,92.2077026,90.5,"On        ","Right     ",1,0,NULL,NULL,1552814795000,1552814795000
1096722,"111004                                                                                                                                                                                                                                                         ",2019-03-17 09:26:36.000,"Start     ","On        ","On        ",245,"Off       ",0,15.8500004,"On        ","Right     ",4,0,97,54.0999985,90.5,92.2077026,90.6800003,"On        ","Right     ",1,0,NULL,NULL,1552814796000,1552814796000
1096723,"111004                                                                                                                                                                                                                                                         ",2019-03-17 09:26:37.000,"Start     ","On        ","On        ",247,"Off       ",0,15.6000004,"On        ","Right     ",4,0,97,54.2999992,90.6800003,92.2077026,90.6800003,"On        ","Right     ",1,0,NULL,NULL,1552814797000,1552814797000
1096724,"111004                                                                                                                                                                                                                                                         ",2019-03-17 09:26:38.000,"Start     ","On        ","On        ",247,"Off       ",0,16.5,"On        ","Right     ",4,0,97,54.5,90.5,92.2077026,90.6800003,"On        ","Right     ",1,0,NULL,NULL,1552814798000,1552814798000
1096725,"111004                                                                                                                                                                                                                                                         ",2019-03-17 09:26:39.000,"Start     ","On        ","On        ",249,"Off       ",0,15.75,"On        ","Right     ",4,0,98,54.5,90.6800003,92.2077026,90.6800003,"On        ","Right     ",1,0,NULL,NULL,1552814799000,1552814799000
1096726,"111004                                                                                                                                                                                                                                                         ",2019-03-17 09:26:40.000,"Start     ","On        ","On        ",249,"Off       ",0,15.6499996,"On        ","Right     ",4,0,98,54.5999985,90.5,92.2077026,90.8600006,"On        ","Right     ",1,0,NULL,NULL,1552814800000,1552814800000
1096727,"111004                                                                                                                                                                                                                                                         ",2019-03-17 09:26:41.000,"Start     ","On        ","On        ",249,"Off       ",0,15.6499996,"On        ","Right     ",4,0,98,54.7000008,90.5,92.2077026,90.8600006,"On        ","Right     ",1,0,NULL,NULL,1552814801000,1552814801000
1096728,"111004                                                                                                                                                                                                                                                         ",2019-03-17 09:26:42.000,"Start     ","On        ","On        ",249,"Off       ",0,15.8000002,"On        ","Right     ",4,0,98,54.9000015,90.6800003,92.2077026,90.8600006,"On        ","Right     ",1,0,NULL,NULL,1552814802000,1552814802000
1096729,"111004                                                                                                                                                                                                                                                         ",2019-03-17 09:26:43.000,"Start     ","On        ","On        ",249,"Off       ",0,16.4500008,"On        ","Right     ",4,0,98,54.7999992,90.6800003,92.2077026,90.8600006,"On        ","Right     ",1,0,NULL,NULL,1552814803000,1552814803000
1096730,"111004                                                                                                                                                                                                                                                         ",2019-03-17 09:26:44.000,"Start     ","On        ","On        ",249,"Off       ",0,16.1000004,"On        ","Right     ",4,0,98,54.7999992,90.6800003,92.2077026,91.0400009,"On        ","Right     ",1,0,NULL,NULL,1552814804000,1552814804000
1096731,"111004                                                                                                                                                                                                                                                         ",2019-03-17 09:26:45.000,"Start     ","On        ","On        ",253,"Off       ",0,15.3999996,"On        ","Right     ",4,0,98,54.9000015,90.5,92.2077026,91.0400009,"On        ","Right     ",1,0,NULL,NULL,1552814805000,1552814805000
1096732,"111004                                                                                                                                                                                                                                                         ",2019-03-17 09:26:46.000,"Start     ","On        ","On        ",253,"Off       ",0,15.3999996,"Off       ","Middle    ",0,0,98,54.7999992,90.6800003,92.2077026,91.2200012,"On        ","Right     ",1,0,NULL,NULL,1552814806000,1552814806000
1096733,"111004                                                                                                                                                                                                                                                         ",2019-03-17 09:26:47.000,"Start     ","On        ","On        ",255,"Off       ",0,15.5,"Off       ","Middle    ",0,0,98,54.7999992,90.6800003,92.2077026,91.2200012,"On        ","Right     ",1,0,NULL,NULL,1552814807000,1552814807000
1096734,"111004                                                                                                                                                                                                                                                         ",2019-03-17 09:26:48.000,"Start     ","On        ","On        ",255,"Off       ",0,15.6000004,"Off       ","Middle    ",0,0,98,55.0999985,90.6800003,92.2077026,91.2200012,"On        ","Right     ",1,0,NULL,NULL,1552814808000,1552814808000
1096735,"111004                                                                                                                                                                                                                                                         ",2019-03-17 09:26:49.000,"Start     ","On        ","On        ",257,"Off       ",0,15.6499996,"Off       ","Middle    ",0,0,98,55.2000008,90.5,92.2077026,91.4000015,"On        ","Right     ",1,0,NULL,NULL,1552814809000,1552814809000
1096736,"111004                                                                                                                                                                                                                                                         ",2019-03-17 09:26:50.000,"Start     ","On        ","On        ",257,"Off       ",0,16.1499996,"Off       ","Middle    ",0,0,98,55.2999992,90.6800003,92.2077026,91.4000015,"On        ","Right     ",1,0,NULL,NULL,1552814810000,1552814810000
1096737,"111004                                                                                                                                                                                                                                                         ",2019-03-17 09:26:51.000,"Start     ","On        ","On        ",257,"Off       ",0,15.4499998,"On        ","Right     ",4,0,98,55.2999992,90.6800003,92.2077026,91.4000015,"On        ","Right     ",4,0,NULL,NULL,1552814811000,1552814811000
1096738,"111004                                                                                                                                                                                                                                                         ",2019-03-17 09:26:52.000,"Start     ","On        ","On        ",257,"Off       ",0,15.3999996,"On        ","Right     ",4,0,98,55.0999985,90.6800003,92.2077026,91.5799942,"On        ","Right     ",4,0,NULL,NULL,1552814812000,1552814812000
1096739,"111004                                                                                                                                                                                                                                                         ",2019-03-17 09:26:53.000,"Start     ","On        ","On        ",257,"Off       ",0,15.6000004,"On        ","Right     ",4,0,98,55,90.6800003,92.2077026,91.7600021,"On        ","Right     ",4,0,NULL,NULL,1552814813000,1552814813000
1096740,"111004                                                                                                                                                                                                                                                         ",2019-03-17 09:26:54.000,"Start     ","On        ","On        ",257,"Off       ",0,15.3500004,"On        ","Right     ",4,0,98,55,90.6800003,92.2077026,91.7600021,"On        ","Right     ",4,0,NULL,NULL,1552814814000,1552814814000
1096741,"111004                                                                                                                                                                                                                                                         ",2019-03-17 09:26:55.000,"Start     ","On        ","On        ",257,"Off       ",0,14.6000004,"On        ","Right     ",4,0,98,55,90.6800003,92.2077026,91.7600021,"On        ","Right     ",4,0,NULL,NULL,1552814815000,1552814815000
1096742,"111004                                                                                                                                                                                                                                                         ",2019-03-17 09:26:56.000,"Start     ","On        ","On        ",261,"Off       ",0,15.8500004,"On        ","Right     ",4,0,99,54.7000008,90.6800003,92.2077026,91.9400024,"On        ","Right     ",4,0,NULL,NULL,1552814816000,1552814816000
1096743,"111004                                                                                                                                                                                                                                                         ",2019-03-17 09:26:57.000,"Start     ","On        ","On        ",261,"Off       ",0,15.4499998,"On        ","Right     ",4,0,99,54.5999985,90.8600006,92.2077026,92.1200027,"On        ","Right     ",4,0,NULL,NULL,1552814817000,1552814817000
1096744,"111004                                                                                                                                                                                                                                                         ",2019-03-17 09:26:58.000,"Start     ","On        ","On        ",262,"Off       ",0,13.6999998,"On        ","Right     ",4,0,99,54.5,90.6800003,92.2077026,92.1200027,"On        ","Right     ",4,0,NULL,NULL,1552814818000,1552814818000
1096745,"111004                                                                                                                                                                                                                                                         ",2019-03-17 09:26:59.000,"Start     ","On        ","On        ",262,"Off       ",0,15.6000004,"On        ","Right     ",4,0,99,54.4000015,90.6800003,92.2077026,92.1200027,"On        ","Right     ",4,0,NULL,NULL,1552814819000,1552814819000
1096746,"111004                                                                                                                                                                                                                                                         ",2019-03-17 09:27:00.000,"Start     ","On        ","On        ",262,"Off       ",0,14.8999996,"On        ","Right     ",4,0,99,54.4000015,90.8600006,92.2077026,92.3000031,"On        ","Right     ",4,0,NULL,NULL,1552814820000,1552814820000
1096747,"111004                                                                                                                                                                                                                                                         ",2019-03-17 09:27:01.000,"Start     ","On        ","On        ",262,"Off       ",0,14.3999996,"On        ","Right     ",4,0,99,54.4000015,90.8600006,92.2077026,92.4799957,"On        ","Right     ",4,0,NULL,NULL,1552814821000,1552814821000
1096748,"111004                                                                                                                                                                                                                                                         ",2019-03-17 09:27:02.000,"Start     ","On        ","On        ",262,"Off       ",0,15.6000004,"On        ","Right     ",4,0,100,54.5,90.8600006,92.2077026,92.4799957,"On        ","Right     ",4,0,NULL,NULL,1552814822000,1552814822000
1096749,"111004                                                                                                                                                                                                                                                         ",2019-03-17 09:27:03.000,"Start     ","On        ","On        ",262,"Off       ",0,14.6999998,"On        ","Right     ",4,0,100,54.4000015,90.6800003,92.2077026,92.6600037,"On        ","Right     ",4,0,NULL,NULL,1552814823000,1552814823000
1096750,"111004                                                                                                                                                                                                                                                         ",2019-03-17 09:27:04.000,"Start     ","On        ","On        ",262,"Off       ",0,14.6999998,"On        ","Right     ",4,0,100,54.0999985,90.8600006,92.2077026,92.6600037,"On        ","Right     ",4,0,NULL,NULL,1552814824000,1552814824000
1096751,"111004                                                                                                                                                                                                                                                         ",2019-03-17 09:27:05.000,"Start     ","On        ","On        ",261,"Off       ",0,15.5500002,"On        ","Right     ",4,0,100,54.0999985,90.8600006,92.2077026,92.8399963,"On        ","Right     ",4,0,NULL,NULL,1552814825000,1552814825000
1096752,"111004                                                                                                                                                                                                                                                         ",2019-03-17 09:27:06.000,"Start     ","On        ","On        ",261,"Off       ",0,15.9499998,"On        ","Right     ",4,0,100,54.2000008,90.8600006,92.2077026,92.8399963,"On        ","Right     ",4,0,NULL,NULL,1552814826000,1552814826000
1096753,"111004                                                                                                                                                                                                                                                         ",2019-03-17 09:27:07.000,"Start     ","On        ","On        ",261,"Off       ",0,15.75,"On        ","Right     ",4,0,100,54.2000008,90.8600006,92.2077026,93.0200043,"On        ","Right     ",4,0,NULL,NULL,1552814827000,1552814827000
1096754,"111004                                                                                                                                                                                                                                                         ",2019-03-17 09:27:08.000,"Start     ","On        ","On        ",261,"Off       ",0,16.0499992,"On        ","Right     ",4,0,100,53.9000015,90.8600006,92.2077026,93.0200043,"On        ","Right     ",4,0,NULL,NULL,1552814828000,1552814828000
1096755,"111004                                                                                                                                                                                                                                                         ",2019-03-17 09:27:09.000,"Start     ","On        ","On        ",261,"Off       ",0,16.0499992,"On        ","Right     ",4,0,100,53.7999992,90.8600006,92.2077026,93.3799973,"On        ","Right     ",4,0,NULL,NULL,1552814829000,1552814829000
1096756,"111004                                                                                                                                                                                                                                                         ",2019-03-17 09:27:10.000,"Start     ","On        ","On        ",261,"Off       ",0,13.1499996,"On        ","Right     ",4,0,100,53.7999992,90.8600006,92.2077026,93.1999969,"On        ","Right     ",4,0,NULL,NULL,1552814830000,1552814830000
1096757,"111004                                                                                                                                                                                                                                                         ",2019-03-17 09:27:11.000,"Start     ","On        ","On        ",259,"Off       ",0,15.25,"On        ","Right     ",4,0,101,54,90.8600006,92.2077026,93.3799973,"On        ","Right     ",4,0,NULL,NULL,1552814831000,1552814831000
1096758,"111004                                                                                                                                                                                                                                                         ",2019-03-17 09:27:12.000,"Start     ","On        ","On        ",259,"Off       ",0,16.1499996,"On        ","Right     ",4,0,101,54.4000015,90.8600006,92.2077026,93.5599976,"On        ","Right     ",4,0,NULL,NULL,1552814832000,1552814832000
1096759,"111004                                                                                                                                                                                                                                                         ",2019-03-17 09:27:13.000,"Start     ","On        ","On        ",258,"Off       ",0,14.8999996,"On        ","Right     ",4,0,101,54.5,90.8600006,92.2077026,93.5599976,"On        ","Right     ",4,0,NULL,NULL,1552814833000,1552814833000
1096760,"111004                                                                                                                                                                                                                                                         ",2019-03-17 09:27:14.000,"Start     ","On        ","On        ",258,"Off       ",0,16.1000004,"On        ","Right     ",4,0,101,54.4000015,91.0400009,92.2077026,93.7399979,"On        ","Right     ",4,0,NULL,NULL,1552814834000,1552814834000
1096761,"111004                                                                                                                                                                                                                                                         ",2019-03-17 09:27:15.000,"Start     ","On        ","On        ",257,"Off       ",0,15.5500002,"On        ","Right     ",4,0,101,54.2999992,91.0400009,92.2077026,93.7399979,"On        ","Right     ",4,0,NULL,NULL,1552814835000,1552814835000
1096762,"111004                                                                                                                                                                                                                                                         ",2019-03-17 09:27:16.000,"Start     ","On        ","On        ",257,"Off       ",0,15.75,"On        ","Right     ",4,0,101,54.5,90.8600006,92.2077026,93.7399979,"On        ","Right     ",4,0,NULL,NULL,1552814836000,1552814836000
1096763,"111004                                                                                                                                                                                                                                                         ",2019-03-17 09:27:17.000,"Start     ","On        ","On        ",256,"Off       ",0,15.9499998,"On        ","Right     ",4,0,102,54.5,90.8600006,92.2077026,93.9200058,"On        ","Right     ",4,0,NULL,NULL,1552814837000,1552814837000
1096764,"111004                                                                                                                                                                                                                                                         ",2019-03-17 09:27:18.000,"Start     ","On        ","On        ",256,"Off       ",0,14.5,"On        ","Right     ",4,0,102,54.4000015,91.0400009,92.2077026,94.0999985,"On        ","Right     ",4,0,NULL,NULL,1552814838000,1552814838000
1096765,"111004                                                                                                                                                                                                                                                         ",2019-03-17 09:27:19.000,"Start     ","On        ","On        ",256,"Off       ",0,13.75,"On        ","Right     ",4,0,102,54.4000015,90.8600006,92.2077026,94.0999985,"On        ","Right     ",4,0,NULL,NULL,1552814839000,1552814839000
1096766,"111004                                                                                                                                                                                                                                                         ",2019-03-17 09:27:20.000,"Start     ","On        ","On        ",256,"Off       ",0,14.1999998,"On        ","Right     ",4,0,102,54.2999992,90.8600006,92.2077026,94.2799988,"On        ","Right     ",4,0,NULL,NULL,1552814840000,1552814840000
1096767,"111004                                                                                                                                                                                                                                                         ",2019-03-17 09:27:21.000,"Start     ","On        ","On        ",255,"Off       ",0,15.6499996,"On        ","Right     ",4,0,102,54.2000008,90.8600006,92.2077026,94.0999985,"On        ","Right     ",4,0,NULL,NULL,1552814841000,1552814841000
1096768,"111004                                                                                                                                                                                                                                                         ",2019-03-17 09:27:22.000,"Start     ","On        ","On        ",255,"Off       ",0,16.3999996,"On        ","Right     ",4,0,102,54.0999985,91.0400009,92.2077026,94.2799988,"On        ","Right     ",4,0,NULL,NULL,1552814842000,1552814842000
1096769,"111004                                                                                                                                                                                                                                                         ",2019-03-17 09:27:23.000,"Start     ","On        ","On        ",254,"Off       ",0,15.6000004,"On        ","Right     ",4,0,102,54,91.0400009,92.2077026,94.4599991,"On        ","Right     ",4,0,NULL,NULL,1552814843000,1552814843000
1096770,"111004                                                                                                                                                                                                                                                         ",2019-03-17 09:27:24.000,"Start     ","On        ","On        ",254,"Off       ",0,14.9499998,"On        ","Right     ",4,0,102,54.0999985,91.0400009,92.2077026,94.6399994,"On        ","Right     ",4,0,NULL,NULL,1552814844000,1552814844000
1096771,"111004                                                                                                                                                                                                                                                         ",2019-03-17 09:27:25.000,"Start     ","On        ","On        ",254,"Off       ",0,16.1000004,"On        ","Right     ",4,0,102,54.2999992,91.0400009,92.2077026,94.6399994,"On        ","Right     ",4,0,NULL,NULL,1552814845000,1552814845000
1096772,"111004                                                                                                                                                                                                                                                         ",2019-03-17 09:27:26.000,"Start     ","On        ","On        ",254,"Off       ",0,16,"On        ","Right     ",4,0,102,54.4000015,91.0400009,92.2077026,94.6399994,"On        ","Right     ",4,0,NULL,NULL,1552814846000,1552814846000
1096773,"111004                                                                                                                                                                                                                                                         ",2019-03-17 09:27:27.000,"Start     ","On        ","On        ",254,"Off       ",0,15.4499998,"On        ","Right     ",4,0,102,54.5,91.0400009,92.2077026,94.8199997,"On        ","Right     ",4,0,NULL,NULL,1552814847000,1552814847000
1096774,"111004                                                                                                                                                                                                                                                         ",2019-03-17 09:27:28.000,"Start     ","On        ","On        ",254,"Off       ",0,13.8500004,"On        ","Right     ",4,0,102,54.5,91.0400009,92.2077026,95,"On        ","Right     ",4,0,NULL,NULL,1552814848000,1552814848000
1096775,"111004                                                                                                                                                                                                                                                         ",2019-03-17 09:27:29.000,"Start     ","On        ","On        ",253,"Off       ",0,15.25,"On        ","Right     ",4,0,103,54.5999985,90.8600006,92.2077026,94.8199997,"On        ","Right     ",4,0,NULL,NULL,1552814849000,1552814849000
1096776,"111004                                                                                                                                                                                                                                                         ",2019-03-17 09:27:30.000,"Start     ","On        ","On        ",253,"Off       ",0,13.8000002,"On        ","Right     ",4,0,103,54.5,90.8600006,92.2077026,95.1800003,"On        ","Right     ",4,0,NULL,NULL,1552814850000,1552814850000
1096777,"111004                                                                                                                                                                                                                                                         ",2019-03-17 09:27:31.000,"Start     ","On        ","On        ",253,"Off       ",0,15.1499996,"On        ","Right     ",4,0,103,54.5,91.0400009,92.2077026,95.3600006,"On        ","Right     ",4,0,NULL,NULL,1552814851000,1552814851000
1096778,"111004                                                                                                                                                                                                                                                         ",2019-03-17 09:27:32.000,"Start     ","On        ","On        ",253,"Off       ",0,15.1499996,"On        ","Right     ",4,0,103,54.5,91.0400009,92.2077026,95.1800003,"On        ","Right     ",4,0,NULL,NULL,1552814852000,1552814852000
1096779,"111004                                                                                                                                                                                                                                                         ",2019-03-17 09:27:33.000,"Start     ","On        ","On        ",252,"Off       ",0,15.3999996,"Off       ","Middle    ",0,0,103,54.5999985,91.0400009,92.2077026,95.3600006,"On        ","Right     ",4,0,NULL,NULL,1552814853000,1552814853000
1096780,"111004                                                                                                                                                                                                                                                         ",2019-03-17 09:27:34.000,"Start     ","On        ","On        ",252,"Off       ",0,15.6999998,"Off       ","Middle    ",0,0,103,54.5,91.0400009,92.2077026,95.5400009,"On        ","Right     ",4,0,NULL,NULL,1552814854000,1552814854000
1096781,"111004                                                                                                                                                                                                                                                         ",2019-03-17 09:27:35.000,"Start     ","On        ","On        ",252,"Off       ",0,14.6749992,"Off       ","Middle    ",0,0,103,54.4000015,91.0400009,92.2077026,95.5400009,"On        ","Right     ",4,0,NULL,NULL,1552814855000,1552814855000
1096782,"111004                                                                                                                                                                                                                                                         ",2019-03-17 09:27:36.000,"Start     ","On        ","On        ",252,"Off       ",0,14.6749992,"Off       ","Middle    ",0,0,103,54.2999992,91.0400009,92.2077026,95.7200012,"On        ","Right     ",4,0,NULL,NULL,1552814856000,1552814856000
1096783,"111004                                                                                                                                                                                                                                                         ",2019-03-17 09:27:37.000,"Start     ","On        ","On        ",252,"Off       ",0,15.1000004,"Off       ","Middle    ",0,0,103,54.2999992,91.0400009,92.2077026,95.7200012,"On        ","Right     ",4,0,NULL,NULL,1552814857000,1552814857000
1096784,"111004                                                                                                                                                                                                                                                         ",2019-03-17 09:27:38.000,"Start     ","On        ","On        ",252,"Off       ",0,15.6999998,"Off       ","Middle    ",0,0,103,54.2000008,91.0400009,92.2077026,95.7200012,"On        ","Right     ",4,0,NULL,NULL,1552814858000,1552814858000
1096785,"111004                                                                                                                                                                                                                                                         ",2019-03-17 09:27:39.000,"Start     ","On        ","On        ",252,"Off       ",0,15.3500004,"On        ","Left      ",4,0,103,54.5999985,91.0400009,92.2077026,95.9000015,"On        ","Right     ",4,0,NULL,NULL,1552814859000,1552814859000
1096786,"111004                                                                                                                                                                                                                                                         ",2019-03-17 09:27:40.000,"Start     ","On        ","On        ",252,"Off       ",0,15.4499998,"On        ","Left      ",4,0,103,54.5,91.0400009,92.2077026,95.9000015,"On        ","Right     ",4,0,NULL,NULL,1552814860000,1552814860000
1096787,"111004                                                                                                                                                                                                                                                         ",2019-03-17 09:27:41.000,"Start     ","On        ","On        ",252,"Off       ",0,15.3999996,"On        ","Left      ",4,0,103,54.4000015,91.0400009,92.2077026,96.0799942,"On        ","Right     ",4,0,NULL,NULL,1552814861000,1552814861000
1096788,"111004                                                                                                                                                                                                                                                         ",2019-03-17 09:27:42.000,"Start     ","On        ","On        ",252,"Off       ",0,15.6000004,"On        ","Left      ",4,0,103,54.2000008,91.0400009,92.2077026,95.9000015,"On        ","Right     ",4,0,NULL,NULL,1552814862000,1552814862000
1096789,"111004                                                                                                                                                                                                                                                         ",2019-03-17 09:27:43.000,"Start     ","On        ","On        ",252,"Off       ",0,15.0500002,"On        ","Left      ",4,0,104,54,91.0400009,92.2077026,96.0799942,"On        ","Right     ",4,0,NULL,NULL,1552814863000,1552814863000
1096790,"111004                                                                                                                                                                                                                                                         ",2019-03-17 09:27:44.000,"Start     ","On        ","On        ",252,"Off       ",0,16.3999996,"On        ","Left      ",4,0,104,53.9000015,91.0400009,92.2077026,96.2600021,"On        ","Right     ",4,0,NULL,NULL,1552814864000,1552814864000
1096791,"111004                                                                                                                                                                                                                                                         ",2019-03-17 09:27:45.000,"Start     ","On        ","On        ",252,"Off       ",0,14.8500004,"On        ","Left      ",4,0,104,53.7999992,91.0400009,92.2077026,96.0799942,"On        ","Right     ",4,0,NULL,NULL,1552814865000,1552814865000
1096792,"111004                                                                                                                                                                                                                                                         ",2019-03-17 09:27:46.000,"Start     ","On        ","On        ",252,"Off       ",0,15.3999996,"On        ","Left      ",4,0,104,53.7000008,91.0400009,92.2077026,96.4400024,"On        ","Right     ",4,0,NULL,NULL,1552814866000,1552814866000
1096793,"111004                                                                                                                                                                                                                                                         ",2019-03-17 09:27:47.000,"Start     ","On        ","On        ",252,"Off       ",0,14.6499996,"On        ","Left      ",4,0,104,53.7000008,91.0400009,92.2077026,96.4400024,"On        ","Right     ",4,0,NULL,NULL,1552814867000,1552814867000
1096794,"111004                                                                                                                                                                                                                                                         ",2019-03-17 09:27:48.000,"Start     ","On        ","On        ",252,"Off       ",0,14.6499996,"On        ","Left      ",4,0,104,53.5999985,91.0400009,92.2077026,96.6200027,"On        ","Right     ",4,0,NULL,NULL,1552814868000,1552814868000
1096795,"111004                                                                                                                                                                                                                                                         ",2019-03-17 09:27:49.000,"Start     ","On        ","On        ",252,"Off       ",0,14.8000002,"On        ","Left      ",4,0,105,53.7000008,91.0400009,92.2077026,96.6200027,"On        ","Right     ",4,0,NULL,NULL,1552814869000,1552814869000
1096796,"111004                                                                                                                                                                                                                                                         ",2019-03-17 09:27:50.000,"Start     ","On        ","On        ",252,"Off       ",0,15.1499996,"On        ","Left      ",4,0,105,53.7999992,91.0400009,92.2077026,96.8000031,"On        ","Right     ",4,0,NULL,NULL,1552814870000,1552814870000
1096797,"111004                                                                                                                                                                                                                                                         ",2019-03-17 09:27:51.000,"Start     ","On        ","On        ",252,"Off       ",0,15.3999996,"On        ","Left      ",4,0,105,53.7999992,91.0400009,92.2077026,96.9799957,"On        ","Right     ",4,0,NULL,NULL,1552814871000,1552814871000
1096798,"111004                                                                                                                                                                                                                                                         ",2019-03-17 09:27:52.000,"Start     ","On        ","On        ",252,"Off       ",0,15.3000002,"On        ","Left      ",4,0,105,53.7000008,91.0400009,92.2077026,97.1600037,"On        ","Right     ",4,0,NULL,NULL,1552814872000,1552814872000
1096799,"111004                                                                                                                                                                                                                                                         ",2019-03-17 09:27:53.000,"Start     ","On        ","On        ",251,"Off       ",0,15,"On        ","Left      ",4,0,106,53.7000008,91.0400009,92.2077026,97.1600037,"On        ","Right     ",4,0,NULL,NULL,1552814873000,1552814873000
1096800,"111004                                                                                                                                                                                                                                                         ",2019-03-17 09:27:54.000,"Start     ","On        ","On        ",251,"Off       ",0,15.1750002,"On        ","Left      ",4,0,106,53.5,91.2200012,92.2077026,97.1600037,"On        ","Right     ",4,0,NULL,NULL,1552814874000,1552814874000
1096801,"111004                                                                                                                                                                                                                                                         ",2019-03-17 09:27:55.000,"Start     ","On        ","On        ",252,"Off       ",0,15.1750002,"On        ","Left      ",4,0,106,53.5,91.0400009,92.2077026,97.5200043,"On        ","Right     ",4,0,NULL,NULL,1552814875000,1552814875000
1096802,"111004                                                                                                                                                                                                                                                         ",2019-03-17 09:27:56.000,"Start     ","On        ","On        ",252,"Off       ",0,15.1999998,"On        ","Left      ",4,0,106,53.5,91.2200012,92.2077026,97.5200043,"On        ","Right     ",4,0,NULL,NULL,1552814876000,1552814876000
1096803,"111004                                                                                                                                                                                                                                                         ",2019-03-17 09:27:57.000,"Start     ","On        ","On        ",251,"Off       ",0,16.7999992,"On        ","Left      ",4,0,106,53.5999985,91.2200012,92.2077026,97.6999969,"On        ","Right     ",4,0,NULL,NULL,1552814877000,1552814877000
1096804,"111004                                                                                                                                                                                                                                                         ",2019-03-17 09:27:58.000,"Start     ","On        ","On        ",251,"Off       ",0,18.2000008,"On        ","Left      ",4,0,106,53.5,91.0400009,92.2077026,97.5200043,"On        ","Right     ",4,0,NULL,NULL,1552814878000,1552814878000
1096805,"111004                                                                                                                                                                                                                                                         ",2019-03-17 09:27:59.000,"Start     ","On        ","On        ",251,"Off       ",0,15.5500002,"On        ","Left      ",4,0,106,53.5,91.0400009,92.2077026,97.6999969,"On        ","Right     ",4,0,NULL,NULL,1552814879000,1552814879000
1096806,"111004                                                                                                                                                                                                                                                         ",2019-03-17 09:28:00.000,"Start     ","On        ","On        ",251,"Off       ",0,15.6999998,"On        ","Left      ",4,0,106,53.5,91.0400009,92.2077026,97.8799973,"On        ","Right     ",4,0,NULL,NULL,1552814880000,1552814880000
1096807,"111004                                                                                                                                                                                                                                                         ",2019-03-17 09:28:01.000,"Start     ","On        ","On        ",251,"Off       ",0,14.5,"On        ","Left      ",4,0,106,53.7999992,91.2200012,92.2077026,98.0599976,"On        ","Right     ",4,0,NULL,NULL,1552814881000,1552814881000
1096808,"111004                                                                                                                                                                                                                                                         ",2019-03-17 09:28:02.000,"Start     ","On        ","On        ",251,"Off       ",0,15.3999996,"On        ","Left      ",4,0,106,53.7000008,91.2200012,92.2077026,98.2399979,"On        ","Right     ",4,0,NULL,NULL,1552814882000,1552814882000
1096809,"111004                                                                                                                                                                                                                                                         ",2019-03-17 09:28:03.000,"Start     ","On        ","On        ",251,"Off       ",0,15.3999996,"On        ","Left      ",4,0,107,53.9000015,91.2200012,92.2077026,98.2399979,"On        ","Right     ",4,0,NULL,NULL,1552814883000,1552814883000
1096810,"111004                                                                                                                                                                                                                                                         ",2019-03-17 09:28:04.000,"Start     ","On        ","On        ",251,"Off       ",0,14.8000002,"On        ","Left      ",4,0,107,54.0999985,91.0400009,92.2077026,98.2399979,"On        ","Right     ",4,0,NULL,NULL,1552814884000,1552814884000
1096811,"111004                                                                                                                                                                                                                                                         ",2019-03-17 09:28:05.000,"Start     ","On        ","On        ",251,"Off       ",0,15.8999996,"On        ","Left      ",4,0,107,54.2000008,91.0400009,92.2077026,98.4200058,"On        ","Right     ",4,0,NULL,NULL,1552814885000,1552814885000
1096812,"111004                                                                                                                                                                                                                                                         ",2019-03-17 09:28:06.000,"Start     ","On        ","On        ",251,"Off       ",0,15.3999996,"On        ","Left      ",4,0,107,54.2000008,91.2200012,92.2077026,98.5999985,"On        ","Right     ",4,0,NULL,NULL,1552814886000,1552814886000
1096813,"111004                                                                                                                                                                                                                                                         ",2019-03-17 09:28:07.000,"Start     ","On        ","On        ",251,"Off       ",0,15.3000002,"On        ","Left      ",4,0,107,54.2000008,91.0400009,92.2077026,98.7799988,"On        ","Right     ",4,0,NULL,NULL,1552814887000,1552814887000
1096814,"111004                                                                                                                                                                                                                                                         ",2019-03-17 09:28:08.000,"Start     ","On        ","On        ",251,"Off       ",0,15.1999998,"On        ","Left      ",4,0,107,54.2999992,91.2200012,92.2077026,98.5999985,"On        ","Right     ",4,0,NULL,NULL,1552814888000,1552814888000
1096815,"111004                                                                                                                                                                                                                                                         ",2019-03-17 09:28:09.000,"Start     ","On        ","On        ",251,"Off       ",0,14.6000004,"On        ","Left      ",4,0,107,54.5,91.2200012,92.2077026,98.7799988,"On        ","Right     ",4,0,NULL,NULL,1552814889000,1552814889000
1096816,"111004                                                                                                                                                                                                                                                         ",2019-03-17 09:28:10.000,"Start     ","On        ","On        ",250,"Off       ",0,15.1000004,"On        ","Left      ",4,0,107,54.5,91.2200012,92.2077026,98.9599991,"On        ","Right     ",4,0,NULL,NULL,1552814890000,1552814890000
1096817,"111004                                                                                                                                                                                                                                                         ",2019-03-17 09:28:11.000,"Start     ","On        ","On        ",250,"Off       ",0,14.5,"On        ","Left      ",4,0,107,54.5999985,91.2200012,92.2077026,99.1399994,"On        ","Right     ",4,0,NULL,NULL,1552814891000,1552814891000
1096818,"111004                                                                                                                                                                                                                                                         ",2019-03-17 09:28:12.000,"Start     ","On        ","On        ",250,"Off       ",0,15.6000004,"On        ","Left      ",4,0,107,54.7000008,91.2200012,92.2077026,99.3199997,"On        ","Right     ",4,0,NULL,NULL,1552814892000,1552814892000
1096819,"111004                                                                                                                                                                                                                                                         ",2019-03-17 09:28:13.000,"Start     ","On        ","On        ",250,"Off       ",0,16.7999992,"On        ","Left      ",4,0,108,54.7999992,91.2200012,92.2077026,99.1399994,"On        ","Right     ",4,0,NULL,NULL,1552814893000,1552814893000
1096820,"111004                                                                                                                                                                                                                                                         ",2019-03-17 09:28:14.000,"Start     ","On        ","On        ",250,"Off       ",0,13.9499998,"On        ","Left      ",4,0,108,54.5999985,91.0400009,92.2077026,99.3199997,"On        ","Right     ",4,0,NULL,NULL,1552814894000,1552814894000
1096821,"111004                                                                                                                                                                                                                                                         ",2019-03-17 09:28:15.000,"Start     ","On        ","On        ",250,"Off       ",0,15.5500002,"On        ","Left      ",4,0,108,54.5,91.2200012,92.2077026,99.5,"On        ","Right     ",4,0,NULL,NULL,1552814895000,1552814895000
1096822,"111004                                                                                                                                                                                                                                                         ",2019-03-17 09:28:16.000,"Start     ","On        ","On        ",250,"Off       ",0,16.1749992,"On        ","Left      ",4,0,108,54.0999985,91.2200012,92.2077026,99.5,"On        ","Right     ",4,0,NULL,NULL,1552814896000,1552814896000
1096823,"111004                                                                                                                                                                                                                                                         ",2019-03-17 09:28:17.000,"Start     ","On        ","On        ",250,"Off       ",0,16.1749992,"On        ","Left      ",4,0,108,54.0999985,91.2200012,92.2077026,99.6800003,"On        ","Right     ",4,0,NULL,NULL,1552814897000,1552814897000
1096824,"111004                                                                                                                                                                                                                                                         ",2019-03-17 09:28:18.000,"Start     ","On        ","On        ",250,"Off       ",0,15.75,"On        ","Left      ",4,0,108,54.2999992,91.2200012,92.2077026,99.6800003,"On        ","Right     ",4,0,NULL,NULL,1552814898000,1552814898000
1096825,"111004                                                                                                                                                                                                                                                         ",2019-03-17 09:28:19.000,"Start     ","On        ","On        ",250,"Off       ",0,15.75,"On        ","Left      ",4,0,108,54.5,91.2200012,92.2077026,99.8600006,"On        ","Right     ",4,0,NULL,NULL,1552814899000,1552814899000
1096826,"111004                                                                                                                                                                                                                                                         ",2019-03-17 09:28:20.000,"Start     ","On        ","On        ",250,"Off       ",0,15.0749998,"On        ","Left      ",4,0,108,55,91.4000015,92.2077026,99.8600006,"On        ","Right     ",4,0,NULL,NULL,1552814900000,1552814900000
1096827,"111004                                                                                                                                                                                                                                                         ",2019-03-17 09:28:21.000,"Start     ","On        ","On        ",250,"Off       ",0,15.0749998,"Off       ","Middle    ",0,0,108,54.7999992,91.4000015,92.2077026,100.0400009,"On        ","Right     ",4,0,NULL,NULL,1552814901000,1552814901000
1096828,"111004                                                                                                                                                                                                                                                         ",2019-03-17 09:28:22.000,"Start     ","On        ","On        ",250,"Off       ",0,14.8500004,"Off       ","Middle    ",0,0,109,54,91.2200012,92.2077026,100.0400009,"On        ","Right     ",4,0,NULL,NULL,1552814902000,1552814902000
1096829,"111004                                                                                                                                                                                                                                                         ",2019-03-17 09:28:23.000,"Start     ","On        ","On        ",250,"Off       ",0,14.8500004,"Off       ","Middle    ",0,0,109,54,91.2200012,92.2077026,100.2200012,"On        ","Right     ",4,0,NULL,NULL,1552814903000,1552814903000
1096830,"111004                                                                                                                                                                                                                                                         ",2019-03-17 09:28:24.000,"Start     ","On        ","On        ",251,"Off       ",0,16,"Off       ","Middle    ",0,0,109,54.2999992,91.4000015,92.2077026,100.2200012,"On        ","Right     ",4,0,NULL,NULL,1552814904000,1552814904000
1096831,"111004                                                                                                                                                                                                                                                         ",2019-03-17 09:28:25.000,"Start     ","On        ","On        ",251,"Off       ",0,16,"Off       ","Middle    ",0,0,109,53.7000008,91.2200012,92.2077026,100.4000015,"On        ","Right     ",4,0,NULL,NULL,1552814905000,1552814905000
1096832,"111004                                                                                                                                                                                                                                                         ",2019-03-17 09:28:26.000,"Start     ","On        ","On        ",251,"Off       ",0,15.6000004,"Off       ","Middle    ",0,0,109,54.2000008,91.4000015,92.2077026,100.4000015,"On        ","Right     ",4,0,NULL,NULL,1552814906000,1552814906000
1096833,"111004                                                                                                                                                                                                                                                         ",2019-03-17 09:28:27.000,"Start     ","On        ","On        ",251,"Off       ",0,15.6000004,"On        ","Right     ",4,0,109,53.5,91.2200012,92.2077026,100.5799942,"On        ","Right     ",4,0,NULL,NULL,1552814907000,1552814907000
1096834,"111004                                                                                                                                                                                                                                                         ",2019-03-17 09:28:28.000,"Start     ","On        ","On        ",250,"Off       ",0,15.3000002,"On        ","Right     ",4,0,109,53.9000015,91.4000015,92.2077026,100.5799942,"On        ","Right     ",4,0,NULL,NULL,1552814908000,1552814908000
1096835,"111004                                                                                                                                                                                                                                                         ",2019-03-17 09:28:29.000,"Start     ","On        ","On        ",250,"Off       ",0,15.3999996,"On        ","Right     ",4,0,109,53.7999992,91.4000015,92.2077026,100.7600021,"On        ","Right     ",4,0,NULL,NULL,1552814909000,1552814909000
1096836,"111004                                                                                                                                                                                                                                                         ",2019-03-17 09:28:30.000,"Start     ","On        ","On        ",250,"Off       ",0,15.1499996,"On        ","Right     ",4,0,109,53.0999985,91.2200012,92.2077026,100.9400024,"On        ","Right     ",4,0,NULL,NULL,1552814910000,1552814910000
1096837,"111004                                                                                                                                                                                                                                                         ",2019-03-17 09:28:31.000,"Start     ","On        ","On        ",250,"Off       ",0,15.1499996,"On        ","Right     ",4,0,109,53.5,91.4000015,92.2077026,100.9400024,"On        ","Right     ",4,0,NULL,NULL,1552814911000,1552814911000
1096838,"111004                                                                                                                                                                                                                                                         ",2019-03-17 09:28:32.000,"Start     ","On        ","On        ",250,"Off       ",0,14.25,"On        ","Right     ",4,0,109,53.2999992,91.4000015,92.2077026,100.9400024,"On        ","Right     ",4,0,NULL,NULL,1552814912000,1552814912000
1096839,"111004                                                                                                                                                                                                                                                         ",2019-03-17 09:28:33.000,"Start     ","On        ","On        ",251,"Off       ",0,14.8999996,"On        ","Right     ",4,0,110,53,91.4000015,92.2077026,101.1200027,"On        ","Right     ",4,0,NULL,NULL,1552814913000,1552814913000
1096840,"111004                                                                                                                                                                                                                                                         ",2019-03-17 09:28:34.000,"Start     ","On        ","On        ",251,"Off       ",0,14.7749996,"On        ","Right     ",4,0,110,52.2999992,91.2200012,92.2077026,101.3000031,"On        ","Right     ",4,0,NULL,NULL,1552814914000,1552814914000
1096841,"111004                                                                                                                                                                                                                                                         ",2019-03-17 09:28:35.000,"Start     ","On        ","On        ",251,"Off       ",0,14.7749996,"On        ","Right     ",4,0,110,52.2000008,91.2200012,92.2077026,101.3000031,"On        ","Right     ",4,0,NULL,NULL,1552814915000,1552814915000
1096842,"111004                                                                                                                                                                                                                                                         ",2019-03-17 09:28:36.000,"Start     ","On        ","On        ",251,"Off       ",0,15.75,"On        ","Right     ",4,0,110,52.7999992,91.4000015,92.2077026,101.4799957,"On        ","Right     ",4,0,NULL,NULL,1552814916000,1552814916000
1096843,"111004                                                                                                                                                                                                                                                         ",2019-03-17 09:28:37.000,"Start     ","On        ","On        ",250,"Off       ",0,15.8500004,"On        ","Right     ",4,0,110,52.7999992,91.4000015,92.2077026,101.4799957,"On        ","Right     ",4,0,NULL,NULL,1552814917000,1552814917000
1096844,"111004                                                                                                                                                                                                                                                         ",2019-03-17 09:28:38.000,"Start     ","On        ","On        ",250,"Off       ",0,15.5500002,"On        ","Right     ",4,0,110,52.2000008,91.2200012,92.2077026,101.6600037,"On        ","Right     ",4,0,NULL,NULL,1552814918000,1552814918000
1096845,"111004                                                                                                                                                                                                                                                         ",2019-03-17 09:28:39.000,"Start     ","On        ","On        ",251,"Off       ",0,15.3500004,"On        ","Right     ",4,0,111,52.2000008,91.2200012,92.2077026,101.6600037,"On        ","Right     ",4,0,NULL,NULL,1552814919000,1552814919000
1096846,"111004                                                                                                                                                                                                                                                         ",2019-03-17 09:28:40.000,"Start     ","On        ","On        ",251,"Off       ",0,15.1999998,"On        ","Right     ",4,0,111,52.2999992,91.2200012,92.2077026,102.0200043,"On        ","Right     ",4,0,NULL,NULL,1552814920000,1552814920000
1096847,"111004                                                                                                                                                                                                                                                         ",2019-03-17 09:28:41.000,"Start     ","On        ","On        ",252,"Off       ",0,14.1000004,"On        ","Right     ",4,0,111,52.2999992,91.2200012,92.2077026,102.0200043,"On        ","Right     ",4,0,NULL,NULL,1552814921000,1552814921000
1096848,"111004                                                                                                                                                                                                                                                         ",2019-03-17 09:28:42.000,"Start     ","On        ","On        ",252,"Off       ",0,14.75,"On        ","Right     ",4,0,111,52.4000015,91.2200012,92.2077026,102.0200043,"On        ","Right     ",4,0,NULL,NULL,1552814922000,1552814922000
1096849,"111004                                                                                                                                                                                                                                                         ",2019-03-17 09:28:43.000,"Start     ","On        ","On        ",253,"Off       ",0,16,"On        ","Right     ",4,0,111,53,91.4000015,92.2077026,102.0200043,"On        ","Right     ",4,0,NULL,NULL,1552814923000,1552814923000
1096850,"111004                                                                                                                                                                                                                                                         ",2019-03-17 09:28:44.000,"Start     ","On        ","On        ",253,"Off       ",0,15.4499998,"On        ","Right     ",4,0,111,52.5,91.2200012,92.2077026,102.1999969,"On        ","Right     ",4,0,NULL,NULL,1552814924000,1552814924000
1096851,"111004                                                                                                                                                                                                                                                         ",2019-03-17 09:28:45.000,"Start     ","On        ","On        ",253,"Off       ",0,15.5500002,"On        ","Right     ",4,0,111,53.0999985,91.4000015,92.2077026,102.1999969,"On        ","Right     ",4,0,NULL,NULL,1552814925000,1552814925000
1096852,"111004                                                                                                                                                                                                                                                         ",2019-03-17 09:28:46.000,"Start     ","On        ","On        ",253,"Off       ",0,14.5500002,"On        ","Right     ",4,0,111,53,91.4000015,92.2077026,102.5599976,"On        ","Right     ",4,0,NULL,NULL,1552814926000,1552814926000
1096853,"111004                                                                                                                                                                                                                                                         ",2019-03-17 09:28:47.000,"Start     ","On        ","On        ",253,"Off       ",0,14.6000004,"On        ","Right     ",4,0,111,52.2999992,91.2200012,92.2077026,102.5599976,"On        ","Right     ",4,0,NULL,NULL,1552814927000,1552814927000
1096854,"111004                                                                                                                                                                                                                                                         ",2019-03-17 09:28:48.000,"Start     ","On        ","On        ",253,"Off       ",0,16.1499996,"On        ","Right     ",4,0,111,53,91.4000015,92.2077026,102.5599976,"On        ","Right     ",4,0,NULL,NULL,1552814928000,1552814928000
1096855,"111004                                                                                                                                                                                                                                                         ",2019-03-17 09:28:49.000,"Start     ","On        ","On        ",253,"Off       ",0,15.75,"On        ","Right     ",4,0,111,52.9000015,91.4000015,92.2077026,102.7399979,"On        ","Right     ",4,0,NULL,NULL,1552814929000,1552814929000
1096856,"111004                                                                                                                                                                                                                                                         ",2019-03-17 09:28:50.000,"Start     ","On        ","On        ",253,"Off       ",0,15.9499998,"On        ","Right     ",4,0,111,52.2000008,91.2200012,92.2077026,102.9200058,"On        ","Right     ",4,0,NULL,NULL,1552814930000,1552814930000
1096857,"111004                                                                                                                                                                                                                                                         ",2019-03-17 09:28:51.000,"Start     ","On        ","On        ",253,"Off       ",0,15.6000004,"On        ","Right     ",4,0,111,53,91.4000015,92.2077026,102.9200058,"On        ","Right     ",4,0,NULL,NULL,1552814931000,1552814931000
1096858,"111004                                                                                                                                                                                                                                                         ",2019-03-17 09:28:52.000,"Start     ","On        ","On        ",253,"Off       ",0,13,"On        ","Right     ",4,0,111,53.0999985,91.4000015,92.2077026,103.0999985,"On        ","Right     ",4,0,NULL,NULL,1552814932000,1552814932000
1096859,"111004                                                                                                                                                                                                                                                         ",2019-03-17 09:28:53.000,"Start     ","On        ","On        ",253,"Off       ",0,16.0499992,"On        ","Right     ",4,0,111,53.0999985,91.4000015,92.2077026,103.0999985,"On        ","Right     ",4,0,NULL,NULL,1552814933000,1552814933000
1096860,"111004                                                                                                                                                                                                                                                         ",2019-03-17 09:28:54.000,"Start     ","On        ","On        ",254,"Off       ",0,14.1000004,"On        ","Right     ",4,0,111,52.9000015,91.4000015,92.2077026,103.0999985,"On        ","Right     ",4,0,NULL,NULL,1552814934000,1552814934000
1096861,"111004                                                                                                                                                                                                                                                         ",2019-03-17 09:28:55.000,"Start     ","On        ","On        ",254,"Off       ",0,16.2000008,"On        ","Right     ",4,0,111,53,91.4000015,92.2077026,103.4599991,"On        ","Right     ",4,0,NULL,NULL,1552814935000,1552814935000
1096862,"111004                                                                                                                                                                                                                                                         ",2019-03-17 09:28:56.000,"Start     ","On        ","On        ",254,"Off       ",0,15.5500002,"On        ","Right     ",4,0,111,53.0999985,91.4000015,92.2077026,103.2799988,"On        ","Right     ",4,0,NULL,NULL,1552814936000,1552814936000
1096865,"111004                                                                                                                                                                                                                                                         ",2019-03-17 09:28:57.000,"Start     ","On        ","On        ",254,"Off       ",0,13.8000002,"On        ","Right     ",4,0,111,53.0999985,91.4000015,92.2077026,103.4599991,"On        ","Right     ",4,0,NULL,NULL,1552814937000,1552814937000
1096870,"111004                                                                                                                                                                                                                                                         ",2019-03-17 09:28:58.000,"Start     ","On        ","On        ",255,"Off       ",0,15.5500002,"On        ","Right     ",4,0,111,53.0999985,91.4000015,92.2077026,103.6399994,"On        ","Right     ",4,0,NULL,NULL,1552814938000,1552814938000
1096866,"111004                                                                                                                                                                                                                                                         ",2019-03-17 09:28:59.000,"Start     ","On        ","On        ",255,"Off       ",0,16.75,"On        ","Right     ",4,0,111,53,91.4000015,92.2077026,103.8199997,"On        ","Right     ",4,0,NULL,NULL,1552814939000,1552814939000
1096867,"111004                                                                                                                                                                                                                                                         ",2019-03-17 09:29:00.000,"Start     ","On        ","On        ",254,"Off       ",0,16.1499996,"On        ","Right     ",4,0,111,53.0999985,91.4000015,92.2077026,103.8199997,"On        ","Right     ",4,0,NULL,NULL,1552814940000,1552814940000
1096863,"111004                                                                                                                                                                                                                                                         ",2019-03-17 09:29:01.000,"Start     ","On        ","On        ",254,"Off       ",0,14.3500004,"On        ","Right     ",4,0,111,53.2000008,91.4000015,92.2077026,104,"On        ","Right     ",4,0,NULL,NULL,1552814941000,1552814941000
1096869,"111004                                                                                                                                                                                                                                                         ",2019-03-17 09:29:02.000,"Start     ","On        ","On        ",255,"Off       ",0,13.3500004,"On        ","Right     ",4,0,112,53.2999992,91.4000015,92.2077026,104,"On        ","Right     ",4,0,NULL,NULL,1552814942000,1552814942000
1096868,"111004                                                                                                                                                                                                                                                         ",2019-03-17 09:29:03.000,"Start     ","On        ","On        ",255,"Off       ",0,16.75,"On        ","Right     ",4,0,112,52.7999992,91.2200012,92.2077026,104,"On        ","Right     ",4,0,NULL,NULL,1552814943000,1552814943000
1096871,"111004                                                                                                                                                                                                                                                         ",2019-03-17 09:29:04.000,"Start     ","On        ","On        ",255,"Off       ",0,15.3500004,"On        ","Right     ",4,0,112,53.4000015,91.4000015,92.2077026,104.1800003,"On        ","Right     ",4,0,NULL,NULL,1552814944000,1552814944000
1096864,"111004                                                                                                                                                                                                                                                         ",2019-03-17 09:29:05.000,"Start     ","On        ","On        ",255,"Off       ",0,14.1999998,"On        ","Right     ",4,0,112,53.5,91.4000015,92.2077026,104.3600006,"On        ","Right     ",4,0,NULL,NULL,1552814945000,1552814945000
1096872,"111004                                                                                                                                                                                                                                                         ",2019-03-17 09:29:06.000,"Start     ","On        ","On        ",255,"Off       ",0,15,"On        ","Right     ",4,0,112,53.5999985,91.4000015,92.2077026,104.1800003,"On        ","Right     ",4,0,NULL,NULL,1552814946000,1552814946000
1096873,"111004                                                                                                                                                                                                                                                         ",2019-03-17 09:29:07.000,"Start     ","On        ","On        ",255,"Off       ",0,15.8999996,"On        ","Right     ",4,0,112,53.7999992,91.4000015,92.2077026,104.5400009,"On        ","Right     ",4,0,NULL,NULL,1552814947000,1552814947000
1096874,"111004                                                                                                                                                                                                                                                         ",2019-03-17 09:29:08.000,"Start     ","On        ","On        ",255,"Off       ",0,14.3000002,"On        ","Right     ",4,0,112,54.0999985,91.4000015,92.2077026,104.3600006,"On        ","Right     ",4,0,NULL,NULL,1552814948000,1552814948000
1096875,"111004                                                                                                                                                                                                                                                         ",2019-03-17 09:29:09.000,"Start     ","On        ","On        ",255,"Off       ",0,14.3500004,"On        ","Right     ",4,0,112,54.2000008,91.4000015,92.2077026,104.5400009,"On        ","Right     ",4,0,NULL,NULL,1552814949000,1552814949000
1096881,"111004                                                                                                                                                                                                                                                         ",2019-03-17 09:29:10.000,"Start     ","On        ","On        ",255,"Off       ",0,14,"Off       ","Middle    ",0,0,112,54.2999992,91.4000015,92.2077026,104.7200012,"On        ","Right     ",4,0,NULL,NULL,1552814950000,1552814950000
1096879,"111004                                                                                                                                                                                                                                                         ",2019-03-17 09:29:11.000,"Start     ","On        ","On        ",255,"Off       ",0,15.1999998,"Off       ","Middle    ",0,0,112,54.4000015,91.4000015,92.2077026,104.9000015,"On        ","Right     ",4,0,NULL,NULL,1552814951000,1552814951000
1096876,"111004                                                                                                                                                                                                                                                         ",2019-03-17 09:29:12.000,"Start     ","On        ","On        ",255,"Off       ",0,17.2999992,"Off       ","Middle    ",0,0,112,54.4000015,91.4000015,92.2077026,104.9000015,"On        ","Right     ",4,0,NULL,NULL,1552814952000,1552814952000
1096880,"111004                                                                                                                                                                                                                                                         ",2019-03-17 09:29:13.000,"Start     ","On        ","On        ",255,"Off       ",0,15.3000002,"Off       ","Middle    ",0,0,112,54.5,91.5799942,92.2077026,105.0799942,"On        ","Right     ",4,0,NULL,NULL,1552814953000,1552814953000
1096883,"111004                                                                                                                                                                                                                                                         ",2019-03-17 09:29:14.000,"Start     ","On        ","On        ",255,"Off       ",0,15.3500004,"Off       ","Middle    ",0,0,112,54.5,91.4000015,92.2077026,105.2600021,"On        ","Right     ",4,0,NULL,NULL,1552814954000,1552814954000
1096885,"111004                                                                                                                                                                                                                                                         ",2019-03-17 09:29:15.000,"Start     ","On        ","On        ",256,"Off       ",0,15.1000004,"Off       ","Middle    ",0,0,112,54.4000015,91.4000015,92.2077026,105.2600021,"On        ","Right     ",4,0,NULL,NULL,1552814955000,1552814955000
1096882,"111004                                                                                                                                                                                                                                                         ",2019-03-17 09:29:16.000,"Start     ","On        ","On        ",256,"Off       ",0,15,"On        ","Left      ",4,0,112,54.5999985,91.4000015,92.2077026,105.2600021,"On        ","Right     ",4,0,NULL,NULL,1552814956000,1552814956000
1096877,"111004                                                                                                                                                                                                                                                         ",2019-03-17 09:29:17.000,"Start     ","On        ","On        ",256,"Off       ",0,15.1999998,"On        ","Left      ",4,0,112,54.7999992,91.5799942,92.2077026,105.2600021,"On        ","Right     ",4,0,NULL,NULL,1552814957000,1552814957000
1096878,"111004                                                                                                                                                                                                                                                         ",2019-03-17 09:29:18.000,"Start     ","On        ","On        ",256,"Off       ",0,15.1499996,"On        ","Left      ",4,0,112,54.7000008,91.4000015,92.2077026,105.2600021,"On        ","Right     ",4,0,NULL,NULL,1552814958000,1552814958000
1096884,"111004                                                                                                                                                                                                                                                         ",2019-03-17 09:29:19.000,"Start     ","On        ","On        ",256,"Off       ",0,15.25,"On        ","Left      ",4,0,112,54.5999985,91.4000015,92.2077026,105.4400024,"On        ","Right     ",4,0,NULL,NULL,1552814959000,1552814959000
1096886,"111004                                                                                                                                                                                                                                                         ",2019-03-17 09:29:20.000,"Start     ","On        ","On        ",256,"Off       ",0,15.1999998,"On        ","Left      ",4,0,112,54.5,91.5799942,92.2077026,105.6200027,"On        ","Right     ",4,0,NULL,NULL,1552814960000,1552814960000
1096887,"111004                                                                                                                                                                                                                                                         ",2019-03-17 09:29:21.000,"Start     ","On        ","On        ",257,"Off       ",0,13.5,"On        ","Left      ",4,0,113,54.4000015,91.5799942,92.2077026,105.6200027,"On        ","Right     ",4,0,NULL,NULL,1552814961000,1552814961000
1096888,"111004                                                                                                                                                                                                                                                         ",2019-03-17 09:29:22.000,"Start     ","On        ","On        ",257,"Off       ",0,15,"On        ","Left      ",4,0,113,54.2999992,91.4000015,92.2077026,105.8000031,"On        ","Right     ",4,0,NULL,NULL,1552814962000,1552814962000
1096889,"111004                                                                                                                                                                                                                                                         ",2019-03-17 09:29:23.000,"Start     ","On        ","On        ",257,"Off       ",0,15.4499998,"On        ","Left      ",4,0,113,54.2000008,91.5799942,92.2077026,105.8000031,"On        ","Right     ",4,0,NULL,NULL,1552814963000,1552814963000
1096890,"111004                                                                                                                                                                                                                                                         ",2019-03-17 09:29:24.000,"Start     ","On        ","On        ",257,"Off       ",0,15.3250008,"On        ","Left      ",4,0,113,54.2999992,91.4000015,92.2077026,105.8000031,"On        ","Right     ",4,0,NULL,NULL,1552814964000,1552814964000
1096891,"111004                                                                                                                                                                                                                                                         ",2019-03-17 09:29:25.000,"Start     ","On        ","On        ",257,"Off       ",0,15.3250008,"On        ","Left      ",4,0,113,54.2000008,91.4000015,92.2077026,105.9799957,"On        ","Right     ",4,0,NULL,NULL,1552814965000,1552814965000
1096892,"111004                                                                                                                                                                                                                                                         ",2019-03-17 09:29:26.000,"Start     ","On        ","On        ",257,"Off       ",0,13.5500002,"On        ","Left      ",4,0,113,54.0999985,91.4000015,92.2077026,106.1600037,"On        ","Right     ",4,0,NULL,NULL,1552814966000,1552814966000
1096893,"111004                                                                                                                                                                                                                                                         ",2019-03-17 09:29:27.000,"Start     ","On        ","On        ",257,"Off       ",0,15.3500004,"On        ","Left      ",4,0,114,54.0999985,91.5799942,92.2077026,106.1600037,"On        ","Right     ",4,0,NULL,NULL,1552814967000,1552814967000
1096894,"111004                                                                                                                                                                                                                                                         ",2019-03-17 09:29:28.000,"Start     ","On        ","On        ",257,"Off       ",0,14.75,"On        ","Left      ",4,0,114,53.7999992,91.5799942,92.2077026,106.3399963,"On        ","Right     ",4,0,NULL,NULL,1552814968000,1552814968000
1096895,"111004                                                                                                                                                                                                                                                         ",2019-03-17 09:29:29.000,"Start     ","On        ","On        ",258,"Off       ",0,14.5750008,"On        ","Left      ",4,0,114,53.5,91.5799942,92.2077026,106.1600037,"On        ","Right     ",4,0,NULL,NULL,1552814969000,1552814969000
1096896,"111004                                                                                                                                                                                                                                                         ",2019-03-17 09:29:30.000,"Start     ","On        ","On        ",258,"Off       ",0,14.5750008,"On        ","Left      ",4,0,114,53.5999985,91.5799942,92.2077026,106.5200043,"On        ","Right     ",4,0,NULL,NULL,1552814970000,1552814970000
1096897,"111004                                                                                                                                                                                                                                                         ",2019-03-17 09:29:31.000,"Start     ","On        ","On        ",257,"Off       ",0,14.3500004,"On        ","Left      ",4,0,114,53.5999985,91.5799942,92.2077026,106.5200043,"On        ","Right     ",4,0,NULL,NULL,1552814971000,1552814971000
1096898,"111004                                                                                                                                                                                                                                                         ",2019-03-17 09:29:32.000,"Start     ","On        ","On        ",257,"Off       ",0,15.6499996,"On        ","Left      ",4,0,114,53.7000008,91.5799942,92.2077026,106.6999969,"On        ","Right     ",4,0,NULL,NULL,1552814972000,1552814972000
1096899,"111004                                                                                                                                                                                                                                                         ",2019-03-17 09:29:33.000,"Start     ","On        ","On        ",257,"Off       ",0,14.8999996,"On        ","Left      ",4,0,114,53.5999985,91.5799942,92.2077026,106.8799973,"On        ","Right     ",4,0,NULL,NULL,1552814973000,1552814973000
1096900,"111004                                                                                                                                                                                                                                                         ",2019-03-17 09:29:34.000,"Start     ","On        ","On        ",257,"Off       ",0,15.25,"On        ","Left      ",4,0,114,53.5,91.5799942,92.2077026,106.8799973,"On        ","Right     ",4,0,NULL,NULL,1552814974000,1552814974000
1096901,"111004                                                                                                                                                                                                                                                         ",2019-03-17 09:29:35.000,"Start     ","On        ","On        ",257,"Off       ",0,14.6999998,"On        ","Left      ",4,0,114,53.4000015,91.5799942,92.2077026,106.8799973,"On        ","Right     ",4,0,NULL,NULL,1552814975000,1552814975000
1096902,"111004                                                                                                                                                                                                                                                         ",2019-03-17 09:29:36.000,"Start     ","On        ","On        ",257,"Off       ",0,14.6999998,"On        ","Left      ",4,0,114,53.4000015,91.4000015,92.2077026,106.8799973,"On        ","Right     ",4,0,NULL,NULL,1552814976000,1552814976000
1096903,"111004                                                                                                                                                                                                                                                         ",2019-03-17 09:29:37.000,"Start     ","On        ","On        ",257,"Off       ",0,15.5500002,"On        ","Left      ",4,0,114,53.2000008,91.5799942,92.2077026,107.0599976,"On        ","Right     ",4,0,NULL,NULL,1552814977000,1552814977000
1096904,"111004                                                                                                                                                                                                                                                         ",2019-03-17 09:29:38.000,"Start     ","On        ","On        ",257,"Off       ",0,15.3999996,"On        ","Left      ",4,0,114,53,91.5799942,92.2077026,107.2399979,"On        ","Right     ",4,0,NULL,NULL,1552814978000,1552814978000
1096905,"111004                                                                                                                                                                                                                                                         ",2019-03-17 09:29:39.000,"Start     ","On        ","On        ",257,"Off       ",0,14.6000004,"On        ","Left      ",4,0,114,53,91.5799942,92.2077026,107.4200058,"On        ","Right     ",4,0,NULL,NULL,1552814979000,1552814979000
1096906,"111004                                                                                                                                                                                                                                                         ",2019-03-17 09:29:40.000,"Start     ","On        ","On        ",256,"Off       ",0,14.8000002,"On        ","Left      ",4,0,114,53,91.5799942,92.2077026,107.4200058,"On        ","Right     ",4,0,NULL,NULL,1552814980000,1552814980000
1096907,"111004                                                                                                                                                                                                                                                         ",2019-03-17 09:29:41.000,"Start     ","On        ","On        ",256,"Off       ",0,15.3000002,"On        ","Left      ",4,0,114,52.9000015,91.7600021,92.2077026,107.5999985,"On        ","Right     ",4,0,NULL,NULL,1552814981000,1552814981000
1096908,"111004                                                                                                                                                                                                                                                         ",2019-03-17 09:29:42.000,"Start     ","On        ","On        ",257,"Off       ",0,15.1999998,"On        ","Left      ",4,0,115,52.7999992,91.5799942,92.2077026,107.4200058,"On        ","Right     ",4,0,NULL,NULL,1552814982000,1552814982000
1096909,"111004                                                                                                                                                                                                                                                         ",2019-03-17 09:29:43.000,"Start     ","On        ","On        ",257,"Off       ",0,15.3500004,"On        ","Left      ",4,0,115,52.7000008,91.7600021,92.2077026,107.5999985,"On        ","Right     ",4,0,NULL,NULL,1552814983000,1552814983000
1096910,"111004                                                                                                                                                                                                                                                         ",2019-03-17 09:29:44.000,"Start     ","On        ","On        ",256,"Off       ",0,14.8999996,"On        ","Left      ",4,0,115,52.7999992,91.7600021,92.2077026,107.7799988,"On        ","Right     ",4,0,NULL,NULL,1552814984000,1552814984000
1096911,"111004                                                                                                                                                                                                                                                         ",2019-03-17 09:29:45.000,"Start     ","On        ","On        ",256,"Off       ",0,15.8000002,"On        ","Left      ",4,0,115,52.7999992,91.7600021,92.2077026,107.7799988,"On        ","Right     ",4,0,NULL,NULL,1552814985000,1552814985000
1096912,"111004                                                                                                                                                                                                                                                         ",2019-03-17 09:29:46.000,"Start     ","On        ","On        ",256,"Off       ",0,15.1499996,"On        ","Left      ",4,0,115,52.7000008,91.5799942,92.2077026,107.9599991,"On        ","Right     ",4,0,NULL,NULL,1552814986000,1552814986000
1096913,"111004                                                                                                                                                                                                                                                         ",2019-03-17 09:29:47.000,"Start     ","On        ","On        ",256,"Off       ",0,15.6499996,"On        ","Left      ",4,0,115,52.5999985,91.7600021,92.2077026,107.9599991,"On        ","Right     ",4,0,NULL,NULL,1552814987000,1552814987000
1096914,"111004                                                                                                                                                                                                                                                         ",2019-03-17 09:29:48.000,"Start     ","On        ","On        ",257,"Off       ",0,15.6499996,"On        ","Left      ",4,0,115,52.5,91.7600021,92.2077026,108.3199997,"On        ","Right     ",4,0,NULL,NULL,1552814988000,1552814988000
1096915,"111004                                                                                                                                                                                                                                                         ",2019-03-17 09:29:49.000,"Start     ","On        ","On        ",257,"Off       ",0,13.8999996,"On        ","Left      ",4,0,115,52.4000015,91.5799942,92.2077026,108.1399994,"On        ","Right     ",4,0,NULL,NULL,1552814989000,1552814989000
1096916,"111004                                                                                                                                                                                                                                                         ",2019-03-17 09:29:50.000,"Start     ","On        ","On        ",256,"Off       ",0,14.7250004,"On        ","Left      ",4,0,115,52.4000015,91.7600021,92.2077026,108.3199997,"On        ","Right     ",4,0,NULL,NULL,1552814990000,1552814990000
1096917,"111004                                                                                                                                                                                                                                                         ",2019-03-17 09:29:51.000,"Start     ","On        ","On        ",256,"Off       ",0,15.25,"On        ","Left      ",4,0,115,52.5,91.5799942,92.2077026,108.3199997,"On        ","Right     ",4,0,NULL,NULL,1552814991000,1552814991000
1096918,"111004                                                                                                                                                                                                                                                         ",2019-03-17 09:29:52.000,"Start     ","On        ","On        ",257,"Off       ",0,15.25,"On        ","Left      ",4,0,115,52.5,91.7600021,92.2077026,108.5,"On        ","Right     ",4,0,NULL,NULL,1552814992000,1552814992000
1096919,"111004                                                                                                                                                                                                                                                         ",2019-03-17 09:29:53.000,"Start     ","On        ","On        ",257,"Off       ",0,15.1000004,"On        ","Left      ",4,0,115,52.4000015,91.7600021,92.2077026,108.5,"On        ","Right     ",4,0,NULL,NULL,1552814993000,1552814993000
1096920,"111004                                                                                                                                                                                                                                                         ",2019-03-17 09:29:54.000,"Start     ","On        ","On        ",256,"Off       ",0,15,"On        ","Left      ",4,0,115,52.5,91.7600021,92.2077026,108.6800003,"On        ","Right     ",4,0,NULL,NULL,1552814994000,1552814994000
1096921,"111004                                                                                                                                                                                                                                                         ",2019-03-17 09:29:55.000,"Start     ","On        ","On        ",256,"Off       ",0,14,"On        ","Left      ",4,0,115,52.2999992,91.5799942,92.2077026,108.6800003,"On        ","Right     ",4,0,NULL,NULL,1552814995000,1552814995000
1096922,"111004                                                                                                                                                                                                                                                         ",2019-03-17 09:29:56.000,"Start     ","On        ","On        ",256,"Off       ",0,15.8500004,"On        ","Left      ",4,0,115,52.5,91.5799942,92.2077026,108.6800003,"On        ","Right     ",4,0,NULL,NULL,1552814996000,1552814996000
1096923,"111004                                                                                                                                                                                                                                                         ",2019-03-17 09:29:57.000,"Start     ","On        ","On        ",256,"Off       ",0,15.6499996,"On        ","Left      ",4,0,115,52.7000008,91.7600021,92.2077026,108.8600006,"On        ","Right     ",4,0,NULL,NULL,1552814997000,1552814997000
1096924,"111004                                                                                                                                                                                                                                                         ",2019-03-17 09:29:58.000,"Start     ","On        ","On        ",256,"Off       ",0,16.1499996,"On        ","Left      ",4,0,115,52.7999992,91.7600021,92.2077026,108.8600006,"On        ","Right     ",4,0,NULL,NULL,1552814998000,1552814998000
1096925,"111004                                                                                                                                                                                                                                                         ",2019-03-17 09:29:59.000,"Start     ","On        ","On        ",256,"Off       ",0,14.3500004,"Off       ","Middle    ",0,0,115,52.7999992,91.5799942,92.2077026,109.0400009,"On        ","Right     ",4,0,NULL,NULL,1552814999000,1552814999000
1096926,"111004                                                                                                                                                                                                                                                         ",2019-03-17 09:30:00.000,"Start     ","On        ","On        ",257,"Off       ",0,14.6000004,"Off       ","Middle    ",0,0,115,52.7999992,91.5799942,92.2077026,109.2200012,"On        ","Right     ",4,0,NULL,NULL,1552815000000,1552815000000
1096927,"111004                                                                                                                                                                                                                                                         ",2019-03-17 09:30:01.000,"Start     ","On        ","On        ",257,"Off       ",0,15.8000002,"Off       ","Middle    ",0,0,115,52.7999992,91.7600021,92.2077026,109.0400009,"On        ","Right     ",4,0,NULL,NULL,1552815001000,1552815001000
1096928,"111004                                                                                                                                                                                                                                                         ",2019-03-17 09:30:02.000,"Start     ","On        ","On        ",257,"Off       ",0,15.8500004,"Off       ","Middle    ",0,0,115,52.7999992,91.7600021,92.2077026,109.2200012,"On        ","Right     ",4,0,NULL,NULL,1552815002000,1552815002000
1096929,"111004                                                                                                                                                                                                                                                         ",2019-03-17 09:30:03.000,"Start     ","On        ","On        ",257,"Off       ",0,14.3000002,"Off       ","Middle    ",0,0,115,52.7999992,91.5799942,92.2077026,109.5799942,"On        ","Right     ",4,0,NULL,NULL,1552815003000,1552815003000
1096930,"111004                                                                                                                                                                                                                                                         ",2019-03-17 09:30:04.000,"Start     ","On        ","On        ",257,"Off       ",0,15.1000004,"Off       ","Middle    ",0,0,115,52.5999985,91.5799942,92.2077026,109.4000015,"On        ","Right     ",4,0,NULL,NULL,1552815004000,1552815004000
1096931,"111004                                                                                                                                                                                                                                                         ",2019-03-17 09:30:05.000,"Start     ","On        ","On        ",257,"Off       ",0,14.9499998,"On        ","Right     ",4,0,115,52.5,91.7600021,92.2077026,109.5799942,"On        ","Right     ",4,0,NULL,NULL,1552815005000,1552815005000
1096932,"111004                                                                                                                                                                                                                                                         ",2019-03-17 09:30:06.000,"Start     ","On        ","On        ",257,"Off       ",0,15.0500002,"On        ","Right     ",4,0,115,52.5,91.7600021,92.2077026,109.5799942,"On        ","Right     ",4,0,NULL,NULL,1552815006000,1552815006000
1096933,"111004                                                                                                                                                                                                                                                         ",2019-03-17 09:30:07.000,"Start     ","On        ","On        ",257,"Off       ",0,14.9499998,"On        ","Right     ",4,0,116,52.5,91.7600021,92.2077026,109.5799942,"On        ","Right     ",4,0,NULL,NULL,1552815007000,1552815007000
1096934,"111004                                                                                                                                                                                                                                                         ",2019-03-17 09:30:08.000,"Start     ","On        ","On        ",257,"Off       ",0,15.1000004,"On        ","Right     ",4,0,116,52.4000015,91.7600021,92.2077026,109.5799942,"On        ","Right     ",4,0,NULL,NULL,1552815008000,1552815008000
1096935,"111004                                                                                                                                                                                                                                                         ",2019-03-17 09:30:09.000,"Start     ","On        ","On        ",257,"Off       ",0,13.9499998,"On        ","Right     ",4,0,116,52.2999992,91.7600021,88.5157013,109.7600021,"On        ","Right     ",4,0,NULL,NULL,1552815009000,1552815009000
1096936,"111004                                                                                                                                                                                                                                                         ",2019-03-17 09:30:10.000,"Start     ","On        ","On        ",257,"Off       ",0,13.0500002,"On        ","Right     ",4,0,116,52.2000008,91.9400024,85.1005936,109.7600021,"On        ","Right     ",4,0,NULL,NULL,1552815010000,1552815010000
1096937,"111004                                                                                                                                                                                                                                                         ",2019-03-17 09:30:11.000,"Start     ","On        ","On        ",256,"Off       ",0,15,"On        ","Right     ",4,0,116,52.2000008,91.7600021,84.0852966,109.9400024,"On        ","Right     ",4,0,NULL,NULL,1552815011000,1552815011000
1096938,"111004                                                                                                                                                                                                                                                         ",2019-03-17 09:30:12.000,"Start     ","On        ","On        ",256,"Off       ",0,14.8500004,"On        ","Right     ",4,0,116,52,91.9400024,84.5467987,109.9400024,"On        ","Right     ",4,0,NULL,NULL,1552815012000,1552815012000
1096939,"111004                                                                                                                                                                                                                                                         ",2019-03-17 09:30:13.000,"Start     ","On        ","On        ",257,"Off       ",0,14.8500004,"On        ","Right     ",4,0,117,52.0999985,91.7600021,87.2235031,110.3000031,"On        ","Right     ",4,0,NULL,NULL,1552815013000,1552815013000
1096940,"111004                                                                                                                                                                                                                                                         ",2019-03-17 09:30:14.000,"Start     ","On        ","On        ",257,"Off       ",0,14.0500002,"On        ","Right     ",4,0,117,52,91.7600021,88.3311005,110.1200027,"On        ","Right     ",4,0,NULL,NULL,1552815014000,1552815014000
1096941,"111004                                                                                                                                                                                                                                                         ",2019-03-17 09:30:15.000,"Start     ","On        ","On        ",257,"Off       ",0,15.6499996,"On        ","Right     ",4,0,117,52,91.7600021,90.0848007,110.3000031,"On        ","Right     ",4,0,NULL,NULL,1552815015000,1552815015000
1096942,"111004                                                                                                                                                                                                                                                         ",2019-03-17 09:30:16.000,"Start     ","On        ","On        ",257,"Off       ",0,14.8000002,"On        ","Right     ",4,0,117,52,91.7600021,91.1000977,110.4799957,"On        ","Right     ",4,0,NULL,NULL,1552815016000,1552815016000
1096943,"111004                                                                                                                                                                                                                                                         ",2019-03-17 09:30:17.000,"Start     ","On        ","On        ",257,"Off       ",0,14.3999996,"On        ","Right     ",4,0,117,52.2999992,91.7600021,92.2077026,110.4799957,"On        ","Right     ",4,0,NULL,NULL,1552815017000,1552815017000
1096944,"111004                                                                                                                                                                                                                                                         ",2019-03-17 09:30:18.000,"Start     ","On        ","On        ",257,"Off       ",0,14.7749996,"On        ","Right     ",4,0,117,52.7999992,91.7600021,92.2077026,110.6600037,"On        ","Right     ",4,0,NULL,NULL,1552815018000,1552815018000
1096945,"111004                                                                                                                                                                                                                                                         ",2019-03-17 09:30:19.000,"Start     ","On        ","On        ",257,"Off       ",0,14.7749996,"On        ","Right     ",4,0,117,52.7999992,91.7600021,92.2077026,110.6600037,"On        ","Right     ",4,0,NULL,NULL,1552815019000,1552815019000
1096946,"111004                                                                                                                                                                                                                                                         ",2019-03-17 09:30:20.000,"Start     ","On        ","On        ",257,"Off       ",0,13.9499998,"On        ","Right     ",4,0,117,52.9000015,91.7600021,92.2077026,110.6600037,"On        ","Right     ",4,0,NULL,NULL,1552815020000,1552815020000
1096947,"111004                                                                                                                                                                                                                                                         ",2019-03-17 09:30:21.000,"Start     ","On        ","On        ",257,"Off       ",0,16,"On        ","Right     ",4,0,117,53.0999985,91.7600021,92.2077026,110.8399963,"On        ","Right     ",4,0,NULL,NULL,1552815021000,1552815021000
1096948,"111004                                                                                                                                                                                                                                                         ",2019-03-17 09:30:22.000,"Start     ","On        ","On        ",259,"Off       ",0,16.1000004,"On        ","Right     ",4,0,117,53.2999992,91.9400024,92.2077026,110.8399963,"On        ","Right     ",4,0,NULL,NULL,1552815022000,1552815022000
1096949,"111004                                                                                                                                                                                                                                                         ",2019-03-17 09:30:23.000,"Start     ","On        ","On        ",259,"Off       ",0,14.9499998,"On        ","Right     ",4,0,117,53.2999992,91.9400024,92.2077026,111.0200043,"On        ","Right     ",4,0,NULL,NULL,1552815023000,1552815023000
1096950,"111004                                                                                                                                                                                                                                                         ",2019-03-17 09:30:24.000,"Start     ","On        ","On        ",259,"Off       ",0,14.9499998,"On        ","Right     ",4,0,117,53.4000015,91.9400024,92.2077026,111.1999969,"On        ","Right     ",4,0,NULL,NULL,1552815024000,1552815024000
1096951,"111004                                                                                                                                                                                                                                                         ",2019-03-17 09:30:25.000,"Start     ","On        ","On        ",259,"Off       ",0,16.2000008,"On        ","Right     ",4,0,117,53.4000015,91.9400024,92.2077026,111.1999969,"On        ","Right     ",4,0,NULL,NULL,1552815025000,1552815025000
1096952,"111004                                                                                                                                                                                                                                                         ",2019-03-17 09:30:26.000,"Start     ","On        ","On        ",259,"Off       ",0,15.6499996,"On        ","Right     ",4,0,117,53.5,91.7600021,92.2077026,111.3799973,"On        ","Right     ",4,0,NULL,NULL,1552815026000,1552815026000
1096953,"111004                                                                                                                                                                                                                                                         ",2019-03-17 09:30:27.000,"Start     ","On        ","On        ",259,"Off       ",0,15.8500004,"On        ","Right     ",4,0,117,53.5,91.9400024,92.2077026,111.1999969,"On        ","Right     ",4,0,NULL,NULL,1552815027000,1552815027000
1096954,"111004                                                                                                                                                                                                                                                         ",2019-03-17 09:30:28.000,"Start     ","On        ","On        ",259,"Off       ",0,15.1999998,"On        ","Right     ",4,0,117,53.5,91.9400024,92.2077026,111.5599976,"On        ","Right     ",4,0,NULL,NULL,1552815028000,1552815028000
1096955,"111004                                                                                                                                                                                                                                                         ",2019-03-17 09:30:29.000,"Start     ","On        ","On        ",259,"Off       ",0,14.4499998,"On        ","Right     ",4,0,117,53.5,91.9400024,92.2077026,111.5599976,"On        ","Right     ",4,0,NULL,NULL,1552815029000,1552815029000
1096956,"111004                                                                                                                                                                                                                                                         ",2019-03-17 09:30:30.000,"Start     ","On        ","On        ",260,"Off       ",0,14.6499996,"On        ","Right     ",4,0,117,53.5,91.9400024,92.2077026,111.5599976,"On        ","Right     ",4,0,NULL,NULL,1552815030000,1552815030000
1096957,"111004                                                                                                                                                                                                                                                         ",2019-03-17 09:30:31.000,"Start     ","On        ","On        ",260,"Off       ",0,16.3999996,"On        ","Right     ",4,0,117,53.5,91.9400024,92.2077026,111.5599976,"On        ","Right     ",4,0,NULL,NULL,1552815031000,1552815031000
1096958,"111004                                                                                                                                                                                                                                                         ",2019-03-17 09:30:32.000,"Start     ","On        ","On        ",261,"Off       ",0,15.3000002,"On        ","Right     ",4,0,117,53.4000015,91.7600021,92.2077026,111.7399979,"On        ","Right     ",4,0,NULL,NULL,1552815032000,1552815032000
1096959,"111004                                                                                                                                                                                                                                                         ",2019-03-17 09:30:33.000,"Start     ","On        ","On        ",261,"Off       ",0,14.5,"On        ","Right     ",4,0,117,53.5,91.9400024,92.2077026,111.9200058,"On        ","Right     ",4,0,NULL,NULL,1552815033000,1552815033000
1096960,"111004                                                                                                                                                                                                                                                         ",2019-03-17 09:30:34.000,"Start     ","On        ","On        ",261,"Off       ",0,14.5,"On        ","Right     ",4,0,117,53.5,91.9400024,92.2077026,111.9200058,"On        ","Right     ",4,0,NULL,NULL,1552815034000,1552815034000
1096961,"111004                                                                                                                                                                                                                                                         ",2019-03-17 09:30:35.000,"Start     ","On        ","On        ",261,"Off       ",0,15,"On        ","Right     ",4,0,117,53.5,91.9400024,92.2077026,112.0999985,"On        ","Right     ",4,0,NULL,NULL,1552815035000,1552815035000
1096962,"111004                                                                                                                                                                                                                                                         ",2019-03-17 09:30:36.000,"Start     ","On        ","On        ",261,"Off       ",0,16.3999996,"On        ","Right     ",4,0,117,53.4000015,91.9400024,92.2077026,112.0999985,"On        ","Right     ",4,0,NULL,NULL,1552815036000,1552815036000
1096963,"111004                                                                                                                                                                                                                                                         ",2019-03-17 09:30:37.000,"Start     ","On        ","On        ",262,"Off       ",0,16.1499996,"On        ","Right     ",4,0,117,53.4000015,91.9400024,92.2077026,112.2799988,"On        ","Right     ",4,0,NULL,NULL,1552815037000,1552815037000
1096964,"111004                                                                                                                                                                                                                                                         ",2019-03-17 09:30:38.000,"Start     ","On        ","On        ",262,"Off       ",0,16.2000008,"On        ","Right     ",4,0,117,53.2000008,91.9400024,92.2077026,112.2799988,"On        ","Right     ",4,0,NULL,NULL,1552815038000,1552815038000
1096965,"111004                                                                                                                                                                                                                                                         ",2019-03-17 09:30:39.000,"Start     ","On        ","On        ",262,"Off       ",0,16.9500008,"On        ","Right     ",4,0,117,53.0999985,92.1200027,91.838501,112.4599991,"On        ","Right     ",4,0,NULL,NULL,1552815039000,1552815039000
1096966,"111004                                                                                                                                                                                                                                                         ",2019-03-17 09:30:40.000,"Start     ","On        ","On        ",262,"Off       ",0,16.0499992,"On        ","Right     ",4,0,117,53.0999985,92.1200027,90.9154968,112.4599991,"On        ","Right     ",4,0,NULL,NULL,1552815040000,1552815040000
1096967,"111004                                                                                                                                                                                                                                                         ",2019-03-17 09:30:41.000,"Start     ","On        ","On        ",263,"Off       ",0,16.3999996,"On        ","Right     ",4,0,117,53.2999992,91.9400024,90.4540024,112.4599991,"On        ","Right     ",4,0,NULL,NULL,1552815041000,1552815041000
1096968,"111004                                                                                                                                                                                                                                                         ",2019-03-17 09:30:42.000,"Start     ","On        ","On        ",263,"Off       ",0,14.6000004,"On        ","Right     ",4,0,117,53.2999992,91.7600021,89.9925003,112.6399994,"On        ","Right     ",4,0,NULL,NULL,1552815042000,1552815042000
1096969,"111004                                                                                                                                                                                                                                                         ",2019-03-17 09:30:43.000,"Start     ","On        ","On        ",263,"Off       ",0,14.3999996,"On        ","Right     ",4,0,117,53.2999992,91.9400024,90.1770935,112.6399994,"On        ","Right     ",4,0,NULL,NULL,1552815043000,1552815043000
1096970,"111004                                                                                                                                                                                                                                                         ",2019-03-17 09:30:44.000,"Start     ","On        ","On        ",263,"Off       ",0,15.3999996,"On        ","Right     ",4,0,117,53.0999985,91.9400024,89.8078995,112.8199997,"On        ","Right     ",4,0,NULL,NULL,1552815044000,1552815044000
1096971,"111004                                                                                                                                                                                                                                                         ",2019-03-17 09:30:45.000,"Start     ","On        ","On        ",263,"Off       ",0,14.1499996,"On        ","Right     ",4,0,117,53.0999985,92.1200027,89.9001999,112.8199997,"On        ","Right     ",4,0,NULL,NULL,1552815045000,1552815045000
1096972,"111004                                                                                                                                                                                                                                                         ",2019-03-17 09:30:46.000,"Start     ","On        ","On        ",263,"Off       ",0,14.1499996,"On        ","Right     ",4,0,117,53.0999985,91.9400024,90.0848007,112.8199997,"On        ","Right     ",4,0,NULL,NULL,1552815046000,1552815046000
1096973,"111004                                                                                                                                                                                                                                                         ",2019-03-17 09:30:47.000,"Start     ","On        ","On        ",263,"Off       ",0,14.5500002,"Off       ","Middle    ",0,0,117,53.0999985,91.9400024,90.361702,113,"On        ","Right     ",4,0,NULL,NULL,1552815047000,1552815047000
1096974,"111004                                                                                                                                                                                                                                                         ",2019-03-17 09:30:48.000,"Start     ","On        ","On        ",263,"Off       ",0,15.75,"Off       ","Middle    ",0,0,117,53.0999985,92.1200027,90.1770935,113,"On        ","Right     ",4,0,NULL,NULL,1552815048000,1552815048000
1096975,"111004                                                                                                                                                                                                                                                         ",2019-03-17 09:30:49.000,"Start     ","On        ","On        ",263,"Off       ",0,14.6000004,"Off       ","Middle    ",0,0,117,53.2000008,91.9400024,89.6232986,113,"On        ","Right     ",4,0,NULL,NULL,1552815049000,1552815049000
1096976,"111004                                                                                                                                                                                                                                                         ",2019-03-17 09:30:50.000,"Start     ","On        ","On        ",263,"Off       ",0,15.1999998,"Off       ","Middle    ",0,0,117,53.0999985,91.9400024,89.6232986,113.1800003,"On        ","Right     ",4,0,NULL,NULL,1552815050000,1552815050000
1096977,"111004                                                                                                                                                                                                                                                         ",2019-03-17 09:30:51.000,"Start     ","On        ","On        ",263,"Off       ",0,15.4499998,"Off       ","Middle    ",0,0,117,53.0999985,91.9400024,88.9772034,113.3600006,"On        ","Right     ",4,0,NULL,NULL,1552815051000,1552815051000
1096978,"111004                                                                                                                                                                                                                                                         ",2019-03-17 09:30:52.000,"Start     ","On        ","On        ",263,"Off       ",0,14.75,"Off       ","Middle    ",0,0,117,53,92.1200027,87.4080963,113.3600006,"On        ","Right     ",4,0,NULL,NULL,1552815052000,1552815052000
1096979,"111004                                                                                                                                                                                                                                                         ",2019-03-17 09:30:53.000,"Start     ","On        ","On        ",263,"Off       ",0,14.8500004,"On        ","Left      ",4,0,117,52.9000015,92.1200027,85.3775024,113.3600006,"On        ","Right     ",4,0,NULL,NULL,1552815053000,1552815053000
1096980,"111004                                                                                                                                                                                                                                                         ",2019-03-17 09:30:54.000,"Start     ","On        ","On        ",263,"Off       ",0,14.8999996,"On        ","Left      ",4,0,117,53.0999985,91.9400024,82.4239044,113.3600006,"On        ","Right     ",4,0,NULL,NULL,1552815054000,1552815054000
1096981,"111004                                                                                                                                                                                                                                                         ",2019-03-17 09:30:55.000,"Start     ","On        ","On        ",263,"Off       ",0,14.8000002,"On        ","Left      ",4,0,118,52.9000015,92.1200027,79.0087967,113.3600006,"On        ","Right     ",4,0,NULL,NULL,1552815055000,1552815055000
1096982,"111004                                                                                                                                                                                                                                                         ",2019-03-17 09:30:56.000,"Start     ","On        ","On        ",263,"Off       ",0,15.0500002,"On        ","Left      ",4,0,118,52.7000008,92.1200027,75.8705978,113.5400009,"On        ","Right     ",4,0,NULL,NULL,1552815056000,1552815056000
1096983,"111004                                                                                                                                                                                                                                                         ",2019-03-17 09:30:57.000,"Start     ","On        ","On        ",263,"Off       ",0,14.3999996,"On        ","Left      ",4,0,118,52.5,92.1200027,72.8246994,113.5400009,"On        ","Right     ",4,0,NULL,NULL,1552815057000,1552815057000
1096984,"111004                                                                                                                                                                                                                                                         ",2019-03-17 09:30:58.000,"Start     ","On        ","On        ",263,"Off       ",0,15.25,"On        ","Left      ",4,0,118,52.2999992,92.1200027,71.1632996,113.5400009,"On        ","Right     ",4,0,NULL,NULL,1552815058000,1552815058000
1096985,"111004                                                                                                                                                                                                                                                         ",2019-03-17 09:30:59.000,"Start     ","On        ","On        ",263,"Off       ",0,14.3500004,"On        ","Left      ",4,0,118,52,92.1200027,71.6248016,113.7200012,"On        ","Right     ",4,0,NULL,NULL,1552815059000,1552815059000
1096986,"111004                                                                                                                                                                                                                                                         ",2019-03-17 09:31:00.000,"Start     ","On        ","On        ",263,"Off       ",0,14.3000002,"On        ","Left      ",4,0,118,51.9000015,92.1200027,72.2709045,113.7200012,"On        ","Right     ",4,0,NULL,NULL,1552815060000,1552815060000
1096987,"111004                                                                                                                                                                                                                                                         ",2019-03-17 09:31:01.000,"Start     ","On        ","On        ",263,"Off       ",0,15.1999998,"On        ","Left      ",4,0,118,51.9000015,92.1200027,73.4708023,113.9000015,"On        ","Right     ",4,0,NULL,NULL,1552815061000,1552815061000
1096988,"111004                                                                                                                                                                                                                                                         ",2019-03-17 09:31:02.000,"Start     ","On        ","On        ",264,"Off       ",0,14.6499996,"On        ","Left      ",4,0,118,51.7999992,92.1200027,75.7782974,113.9000015,"On        ","Right     ",4,0,NULL,NULL,1552815062000,1552815062000
1096991,"111004                                                                                                                                                                                                                                                         ",2019-03-17 09:31:03.000,"Start     ","On        ","On        ",264,"Off       ",0,14.6499996,"On        ","Left      ",4,0,118,51.7000008,92.1200027,77.7165985,114.0799942,"On        ","Right     ",4,0,NULL,NULL,1552815063000,1552815063000
1096989,"111004                                                                                                                                                                                                                                                         ",2019-03-17 09:31:04.000,"Start     ","On        ","On        ",263,"Off       ",0,14.8000002,"On        ","Left      ",4,0,119,51.7000008,92.1200027,79.1010971,114.0799942,"On        ","Right     ",4,0,NULL,NULL,1552815064000,1552815064000
1096990,"111004                                                                                                                                                                                                                                                         ",2019-03-17 09:31:05.000,"Start     ","On        ","On        ",263,"Off       ",0,15.4499998,"On        ","Left      ",4,0,119,51.5999985,92.1200027,79.6548996,114.2600021,"On        ","Right     ",4,0,NULL,NULL,1552815065000,1552815065000
1096992,"111004                                                                                                                                                                                                                                                         ",2019-03-17 09:31:06.000,"Start     ","On        ","On        ",264,"Off       ",0,13,"On        ","Left      ",4,0,119,51.7999992,92.1200027,80.2087021,114.2600021,"On        ","Right     ",4,0,NULL,NULL,1552815066000,1552815066000
1096993,"111004                                                                                                                                                                                                                                                         ",2019-03-17 09:31:07.000,"Start     ","On        ","On        ",264,"Off       ",0,14.4499998,"On        ","Left      ",4,0,119,51.9000015,92.1200027,80.2087021,114.4400024,"On        ","Right     ",4,0,NULL,NULL,1552815067000,1552815067000
1096994,"111004                                                                                                                                                                                                                                                         ",2019-03-17 09:31:08.000,"Start     ","On        ","On        ",263,"Off       ",0,16,"On        ","Left      ",4,0,119,52,92.1200027,80.2087021,114.4400024,"On        ","Right     ",4,0,NULL,NULL,1552815068000,1552815068000
1096995,"111004                                                                                                                                                                                                                                                         ",2019-03-17 09:31:09.000,"Start     ","On        ","On        ",263,"Off       ",0,15.6499996,"On        ","Left      ",4,0,119,52,92.1200027,80.3932953,114.6200027,"On        ","Right     ",4,0,NULL,NULL,1552815069000,1552815069000
1096996,"111004                                                                                                                                                                                                                                                         ",2019-03-17 09:31:10.000,"Start     ","On        ","On        ",263,"Off       ",0,15.6499996,"On        ","Left      ",4,0,119,52,92.1200027,80.3932953,114.6200027,"On        ","Right     ",4,0,NULL,NULL,1552815070000,1552815070000
1096997,"111004                                                                                                                                                                                                                                                         ",2019-03-17 09:31:11.000,"Start     ","On        ","On        ",263,"Off       ",0,14.1000004,"On        ","Left      ",4,0,119,52,92.3000031,79.7472,114.6200027,"On        ","Right     ",4,0,NULL,NULL,1552815071000,1552815071000
1096998,"111004                                                                                                                                                                                                                                                         ",2019-03-17 09:31:12.000,"Start     ","On        ","On        ",263,"Off       ",0,13.5500002,"On        ","Left      ",4,0,119,52,92.1200027,80.2087021,114.6200027,"On        ","Right     ",4,0,NULL,NULL,1552815072000,1552815072000
1096999,"111004                                                                                                                                                                                                                                                         ",2019-03-17 09:31:13.000,"Start     ","On        ","On        ",263,"Off       ",0,14.875,"On        ","Left      ",4,0,119,52,92.1200027,80.3932953,114.8000031,"On        ","Right     ",4,0,NULL,NULL,1552815073000,1552815073000
1097000,"111004                                                                                                                                                                                                                                                         ",2019-03-17 09:31:14.000,"Start     ","On        ","On        ",263,"Off       ",0,14.875,"On        ","Left      ",4,0,119,52,92.1200027,80.2087021,114.8000031,"On        ","Right     ",4,0,NULL,NULL,1552815074000,1552815074000
1097001,"111004                                                                                                                                                                                                                                                         ",2019-03-17 09:31:15.000,"Start     ","On        ","On        ",263,"Off       ",0,15.1499996,"On        ","Left      ",4,0,119,52,92.3000031,80.2087021,114.8000031,"On        ","Right     ",4,0,NULL,NULL,1552815075000,1552815075000
1097002,"111004                                                                                                                                                                                                                                                         ",2019-03-17 09:31:16.000,"Start     ","On        ","On        ",263,"Off       ",0,15.3999996,"On        ","Left      ",4,0,119,52.2999992,92.1200027,79.8395004,114.9799957,"On        ","Right     ",4,0,NULL,NULL,1552815076000,1552815076000
1097003,"111004                                                                                                                                                                                                                                                         ",2019-03-17 09:31:17.000,"Start     ","On        ","On        ",263,"Off       ",0,14.5500002,"On        ","Left      ",4,0,119,52.7000008,92.1200027,79.5625992,114.9799957,"On        ","Right     ",4,0,NULL,NULL,1552815077000,1552815077000
1097004,"111004                                                                                                                                                                                                                                                         ",2019-03-17 09:31:18.000,"Start     ","On        ","On        ",263,"Off       ",0,14.8500004,"On        ","Left      ",4,0,119,52.7000008,92.1200027,79.2856979,114.9799957,"On        ","Right     ",4,0,NULL,NULL,1552815078000,1552815078000
1097005,"111004                                                                                                                                                                                                                                                         ",2019-03-17 09:31:19.000,"Start     ","On        ","On        ",263,"Off       ",0,14.9499998,"On        ","Left      ",4,0,119,52.7000008,92.3000031,79.2856979,115.1600037,"On        ","Right     ",4,0,NULL,NULL,1552815079000,1552815079000
1097006,"111004                                                                                                                                                                                                                                                         ",2019-03-17 09:31:20.000,"Start     ","On        ","On        ",263,"Off       ",0,15.1000004,"On        ","Left      ",4,0,119,52.7999992,92.1200027,79.0087967,115.1600037,"On        ","Right     ",4,0,NULL,NULL,1552815080000,1552815080000
1097007,"111004                                                                                                                                                                                                                                                         ",2019-03-17 09:31:21.000,"Start     ","On        ","On        ",263,"Off       ",0,15.1999998,"On        ","Left      ",4,0,119,52.5999985,92.3000031,78.3627014,115.3399963,"On        ","Right     ",4,0,NULL,NULL,1552815081000,1552815081000
1097008,"111004                                                                                                                                                                                                                                                         ",2019-03-17 09:31:22.000,"Start     ","On        ","On        ",263,"Off       ",0,15.1499996,"On        ","Left      ",4,0,119,52.7999992,92.1200027,78.0858002,115.3399963,"On        ","Right     ",4,0,NULL,NULL,1552815082000,1552815082000
1097009,"111004                                                                                                                                                                                                                                                         ",2019-03-17 09:31:23.000,"Start     ","On        ","On        ",263,"Off       ",0,15.6999998,"On        ","Left      ",4,0,119,52.7999992,92.3000031,77.3474045,115.5200043,"On        ","Right     ",4,0,NULL,NULL,1552815083000,1552815083000
1097010,"111004                                                                                                                                                                                                                                                         ",2019-03-17 09:31:24.000,"Start     ","On        ","On        ",263,"Off       ",0,15.3000002,"On        ","Left      ",4,0,119,53.0999985,92.1200027,76.8859024,115.5200043,"On        ","Right     ",4,0,NULL,NULL,1552815084000,1552815084000
1097011,"111004                                                                                                                                                                                                                                                         ",2019-03-17 09:31:25.000,"Start     ","On        ","On        ",263,"Off       ",0,16.5,"On        ","Left      ",4,0,119,53.0999985,92.3000031,76.6090012,115.6999969,"On        ","Right     ",4,0,NULL,NULL,1552815085000,1552815085000
1097012,"111004                                                                                                                                                                                                                                                         ",2019-03-17 09:31:26.000,"Start     ","On        ","On        ",263,"Off       ",0,13.6000004,"On        ","Left      ",4,0,119,53.0999985,92.3000031,76.3320999,115.6999969,"On        ","Right     ",4,0,NULL,NULL,1552815086000,1552815086000
1097013,"111004                                                                                                                                                                                                                                                         ",2019-03-17 09:31:27.000,"Start     ","On        ","On        ",263,"Off       ",0,12.8500004,"On        ","Left      ",4,0,119,53.4000015,92.3000031,75.9629059,115.6999969,"On        ","Right     ",4,0,NULL,NULL,1552815087000,1552815087000
1097014,"111004                                                                                                                                                                                                                                                         ",2019-03-17 09:31:28.000,"Start     ","On        ","On        ",263,"Off       ",0,15.3500004,"On        ","Left      ",4,0,119,53.5,92.3000031,75.5014038,115.8799973,"On        ","Right     ",4,0,NULL,NULL,1552815088000,1552815088000
1097015,"111004                                                                                                                                                                                                                                                         ",2019-03-17 09:31:29.000,"Start     ","On        ","On        ",263,"Off       ",0,12.1999998,"On        ","Left      ",4,0,119,53.5,92.3000031,74.8553009,115.8799973,"On        ","Right     ",4,0,NULL,NULL,1552815089000,1552815089000
1097016,"111004                                                                                                                                                                                                                                                         ",2019-03-17 09:31:30.000,"Start     ","On        ","On        ",263,"Off       ",0,15.4499998,"On        ","Left      ",4,0,119,53.5,92.3000031,74.5783997,115.8799973,"On        ","Right     ",4,0,NULL,NULL,1552815090000,1552815090000
1097017,"111004                                                                                                                                                                                                                                                         ",2019-03-17 09:31:31.000,"Start     ","On        ","On        ",263,"Off       ",0,15.5,"On        ","Left      ",4,0,119,53.5999985,92.3000031,74.209198,116.0599976,"On        ","Right     ",4,0,NULL,NULL,1552815091000,1552815091000
1097018,"111004                                                                                                                                                                                                                                                         ",2019-03-17 09:31:32.000,"Start     ","On        ","On        ",263,"Off       ",0,15.5,"On        ","Left      ",4,0,119,53.7999992,92.3000031,73.9322968,116.0599976,"On        ","Right     ",4,0,NULL,NULL,1552815092000,1552815092000
1097019,"111004                                                                                                                                                                                                                                                         ",2019-03-17 09:31:33.000,"Start     ","On        ","On        ",262,"Off       ",0,13.6499996,"On        ","Left      ",4,0,119,54,92.3000031,73.9322968,116.2399979,"On        ","Right     ",4,0,NULL,NULL,1552815093000,1552815093000
1097020,"111004                                                                                                                                                                                                                                                         ",2019-03-17 09:31:34.000,"Start     ","On        ","On        ",262,"Off       ",0,15.3999996,"On        ","Left      ",4,0,119,54,92.3000031,73.1016006,116.2399979,"On        ","Right     ",4,0,NULL,NULL,1552815094000,1552815094000
1097021,"111004                                                                                                                                                                                                                                                         ",2019-03-17 09:31:35.000,"Start     ","On        ","On        ",262,"Off       ",0,15.3999996,"On        ","Left      ",4,0,120,53.9000015,92.3000031,72.9169998,116.4200058,"On        ","Right     ",4,0,NULL,NULL,1552815095000,1552815095000
1097022,"111004                                                                                                                                                                                                                                                         ",2019-03-17 09:31:36.000,"Start     ","On        ","On        ",262,"Off       ",0,15.3000002,"Off       ","Middle    ",0,0,120,53.7000008,92.3000031,73.0093002,116.4200058,"On        ","Right     ",4,0,NULL,NULL,1552815096000,1552815096000
1097023,"111004                                                                                                                                                                                                                                                         ",2019-03-17 09:31:37.000,"Start     ","On        ","On        ",263,"Off       ",0,14.6750002,"Off       ","Middle    ",0,0,120,53.5,92.3000031,73.4708023,116.5999985,"On        ","Right     ",4,0,NULL,NULL,1552815097000,1552815097000
1097024,"111004                                                                                                                                                                                                                                                         ",2019-03-17 09:31:38.000,"Start     ","On        ","On        ",263,"Off       ",0,14.6750002,"Off       ","Middle    ",0,0,120,53.2999992,92.4799957,73.4708023,116.5999985,"On        ","Right     ",4,0,NULL,NULL,1552815098000,1552815098000
1097025,"111004                                                                                                                                                                                                                                                         ",2019-03-17 09:31:39.000,"Start     ","On        ","On        ",263,"Off       ",0,13.1499996,"Off       ","Middle    ",0,0,120,53.0999985,92.3000031,73.4708023,116.5999985,"On        ","Right     ",4,0,NULL,NULL,1552815099000,1552815099000
1097026,"111004                                                                                                                                                                                                                                                         ",2019-03-17 09:31:40.000,"Start     ","On        ","On        ",263,"Off       ",0,14.6499996,"Off       ","Middle    ",0,0,120,53,92.4799957,72.9169998,116.5999985,"On        ","Right     ",4,0,NULL,NULL,1552815100000,1552815100000
1097027,"111004                                                                                                                                                                                                                                                         ",2019-03-17 09:31:41.000,"Start     ","On        ","On        ",263,"Off       ",0,14.6000004,"Off       ","Middle    ",0,0,120,52.9000015,92.3000031,72.1785965,116.5999985,"On        ","Right     ",4,0,NULL,NULL,1552815101000,1552815101000
1097028,"111004                                                                                                                                                                                                                                                         ",2019-03-17 09:31:42.000,"Start     ","On        ","On        ",263,"Off       ",0,15,"On        ","Right     ",4,0,120,52.7999992,92.3000031,70.5172043,116.5999985,"On        ","Right     ",4,0,NULL,NULL,1552815102000,1552815102000
1097029,"111004                                                                                                                                                                                                                                                         ",2019-03-17 09:31:43.000,"Start     ","On        ","On        ",263,"Off       ",0,14.75,"On        ","Right     ",4,0,120,52.7999992,92.4799957,68.2097015,116.5999985,"On        ","Right     ",4,0,NULL,NULL,1552815103000,1552815103000
1097030,"111004                                                                                                                                                                                                                                                         ",2019-03-17 09:31:44.000,"Start     ","On        ","On        ",263,"Off       ",0,14.6999998,"On        ","Right     ",4,0,120,52.5999985,92.1200027,65.809906,116.7799988,"On        ","Right     ",4,0,NULL,NULL,1552815104000,1552815104000
1097031,"111004                                                                                                                                                                                                                                                         ",2019-03-17 09:31:45.000,"Start     ","On        ","On        ",263,"Off       ",0,14.8999996,"On        ","Right     ",4,0,120,52.5,92.3000031,64.1484985,116.7799988,"On        ","Right     ",4,0,NULL,NULL,1552815105000,1552815105000
1097032,"111004                                                                                                                                                                                                                                                         ",2019-03-17 09:31:46.000,"Start     ","On        ","On        ",262,"Off       ",0,15.8000002,"On        ","Right     ",4,0,120,52.2999992,92.4799957,62.5794029,116.7799988,"On        ","Right     ",4,0,NULL,NULL,1552815106000,1552815106000
1097033,"111004                                                                                                                                                                                                                                                         ",2019-03-17 09:31:47.000,"Start     ","On        ","On        ",262,"Off       ",0,15.1999998,"On        ","Right     ",4,0,120,52.0999985,92.3000031,61.4717979,116.7799988,"On        ","Right     ",4,0,NULL,NULL,1552815107000,1552815107000
1097034,"111004                                                                                                                                                                                                                                                         ",2019-03-17 09:31:48.000,"Start     ","On        ","On        ",262,"Off       ",0,15.5500002,"On        ","Right     ",4,0,120,52,92.4799957,60.9179993,116.9599991,"On        ","Right     ",4,0,NULL,NULL,1552815108000,1552815108000
1097035,"111004                                                                                                                                                                                                                                                         ",2019-03-17 09:31:49.000,"Start     ","On        ","On        ",262,"Off       ",0,15.6000004,"On        ","Right     ",4,0,120,51.9000015,92.4799957,61.4717979,117.1399994,"On        ","Right     ",4,0,NULL,NULL,1552815109000,1552815109000
1097036,"111004                                                                                                                                                                                                                                                         ",2019-03-17 09:31:50.000,"Start     ","On        ","On        ",262,"Off       ",0,15.4499998,"On        ","Right     ",4,0,120,51.7999992,92.4799957,62.948597,117.1399994,"On        ","Right     ",4,0,NULL,NULL,1552815110000,1552815110000
1097037,"111004                                                                                                                                                                                                                                                         ",2019-03-17 09:31:51.000,"Start     ","On        ","On        ",262,"Off       ",0,14.6499996,"On        ","Right     ",4,0,120,51.7000008,92.4799957,64.9792023,117.3199997,"On        ","Right     ",4,0,NULL,NULL,1552815111000,1552815111000
1097038,"111004                                                                                                                                                                                                                                                         ",2019-03-17 09:31:52.000,"Start     ","On        ","On        ",262,"Off       ",0,14.6499996,"On        ","Right     ",4,0,120,51.7000008,92.4799957,65.6252975,117.3199997,"On        ","Right     ",4,0,NULL,NULL,1552815112000,1552815112000
1097039,"111004                                                                                                                                                                                                                                                         ",2019-03-17 09:31:53.000,"Start     ","On        ","On        ",262,"Off       ",0,15,"On        ","Right     ",4,0,120,51.7000008,92.4799957,65.9944992,117.5,"On        ","Right     ",4,0,NULL,NULL,1552815113000,1552815113000
1097040,"111004                                                                                                                                                                                                                                                         ",2019-03-17 09:31:54.000,"Start     ","On        ","On        ",264,"Off       ",0,13.9499998,"On        ","Right     ",4,0,121,51.5999985,92.4799957,66.3637009,117.6800003,"On        ","Right     ",4,0,NULL,NULL,1552815114000,1552815114000
1097041,"111004                                                                                                                                                                                                                                                         ",2019-03-17 09:31:55.000,"Start     ","On        ","On        ",264,"Off       ",0,15,"On        ","Right     ",4,0,121,51.5,92.4799957,66.5483017,117.6800003,"On        ","Right     ",4,0,NULL,NULL,1552815115000,1552815115000
1097042,"111004                                                                                                                                                                                                                                                         ",2019-03-17 09:31:56.000,"Start     ","On        ","On        ",264,"Off       ",0,14.4499998,"On        ","Right     ",4,0,121,51.5,92.4799957,67.655899,117.6800003,"On        ","Right     ",4,0,NULL,NULL,1552815116000,1552815116000
1097043,"111004                                                                                                                                                                                                                                                         ",2019-03-17 09:31:57.000,"Start     ","On        ","On        ",264,"Off       ",0,14,"On        ","Right     ",4,0,121,51.5999985,92.4799957,68.3943024,117.8600006,"On        ","Right     ",4,0,NULL,NULL,1552815117000,1552815117000
1097044,"111004                                                                                                                                                                                                                                                         ",2019-03-17 09:31:58.000,"Start     ","On        ","On        ",264,"Off       ",0,14.6499996,"On        ","Right     ",4,0,121,51.5999985,92.4799957,68.7634964,117.8600006,"On        ","Right     ",4,0,NULL,NULL,1552815118000,1552815118000
1097045,"111004                                                                                                                                                                                                                                                         ",2019-03-17 09:31:59.000,"Start     ","On        ","On        ",264,"Off       ",0,14.6499996,"On        ","Right     ",4,0,121,51.5999985,92.4799957,68.3943024,118.0400009,"On        ","Right     ",4,0,NULL,NULL,1552815119000,1552815119000
1097046,"111004                                                                                                                                                                                                                                                         ",2019-03-17 09:32:00.000,"Start     ","On        ","On        ",264,"Off       ",0,14.75,"On        ","Right     ",4,0,121,51.5999985,92.4799957,68.7634964,118.0400009,"On        ","Right     ",4,0,NULL,NULL,1552815120000,1552815120000
1097047,"111004                                                                                                                                                                                                                                                         ",2019-03-17 09:32:01.000,"Start     ","On        ","On        ",264,"Off       ",0,14.0500002,"On        ","Right     ",4,0,121,51.7000008,92.4799957,68.7634964,118.0400009,"On        ","Right     ",4,0,NULL,NULL,1552815121000,1552815121000
1097048,"111004                                                                                                                                                                                                                                                         ",2019-03-17 09:32:02.000,"Start     ","On        ","On        ",265,"Off       ",0,16.25,"On        ","Right     ",4,0,121,51.5999985,92.4799957,68.4865952,117.8600006,"On        ","Right     ",4,0,NULL,NULL,1552815122000,1552815122000
1097049,"111004                                                                                                                                                                                                                                                         ",2019-03-17 09:32:03.000,"Start     ","On        ","On        ",265,"Off       ",0,14.6000004,"On        ","Right     ",4,0,121,51.5999985,92.4799957,68.0251007,118.2200012,"On        ","Right     ",4,0,NULL,NULL,1552815123000,1552815123000
1097050,"111004                                                                                                                                                                                                                                                         ",2019-03-17 09:32:04.000,"Start     ","On        ","On        ",264,"Off       ",0,14.6999998,"On        ","Right     ",4,0,121,51.7999992,92.6600037,68.1174011,118.2200012,"On        ","Right     ",4,0,NULL,NULL,1552815124000,1552815124000
1097051,"111004                                                                                                                                                                                                                                                         ",2019-03-17 09:32:05.000,"Start     ","On        ","On        ",264,"Off       ",0,14.1000004,"On        ","Right     ",4,0,121,51.9000015,92.4799957,68.3943024,118.5799942,"On        ","Right     ",4,0,NULL,NULL,1552815125000,1552815125000
1097052,"111004                                                                                                                                                                                                                                                         ",2019-03-17 09:32:06.000,"Start     ","On        ","On        ",266,"Off       ",0,14.1000004,"On        ","Right     ",4,0,121,51.7000008,92.4799957,68.5789032,118.4000015,"On        ","Right     ",4,0,NULL,NULL,1552815126000,1552815126000
1097053,"111004                                                                                                                                                                                                                                                         ",2019-03-17 09:32:07.000,"Start     ","On        ","On        ",266,"Off       ",0,13.25,"On        ","Right     ",4,0,121,51.7000008,92.4799957,67.655899,118.2200012,"On        ","Right     ",4,0,NULL,NULL,1552815127000,1552815127000
1097054,"111004                                                                                                                                                                                                                                                         ",2019-03-17 09:32:08.000,"Start     ","On        ","On        ",266,"Off       ",0,13.3000002,"On        ","Right     ",4,0,121,51.7000008,92.6600037,67.8404999,118.5799942,"On        ","Right     ",4,0,NULL,NULL,1552815128000,1552815128000
1097055,"111004                                                                                                                                                                                                                                                         ",2019-03-17 09:32:09.000,"Start     ","On        ","On        ",266,"Off       ",0,12.8500004,"On        ","Right     ",4,0,121,51.7000008,92.4799957,67.1020966,118.5799942,"On        ","Right     ",4,0,NULL,NULL,1552815129000,1552815129000
1097056,"111004                                                                                                                                                                                                                                                         ",2019-03-17 09:32:10.000,"Start     ","On        ","On        ",266,"Off       ",0,13.5500002,"On        ","Right     ",4,0,121,51.5999985,92.4799957,67.0097961,118.5799942,"On        ","Right     ",4,0,NULL,NULL,1552815130000,1552815130000
1097057,"111004                                                                                                                                                                                                                                                         ",2019-03-17 09:32:11.000,"Start     ","On        ","On        ",266,"Off       ",0,14.6499996,"On        ","Right     ",4,0,121,51.5999985,92.4799957,66.7329025,118.5799942,"On        ","Right     ",4,0,NULL,NULL,1552815131000,1552815131000
1097058,"111004                                                                                                                                                                                                                                                         ",2019-03-17 09:32:12.000,"Start     ","On        ","On        ",266,"Off       ",0,16.4500008,"On        ","Right     ",4,0,121,51.5999985,92.8399963,66.3637009,118.5799942,"On        ","Right     ",4,0,NULL,NULL,1552815132000,1552815132000
1097059,"111004                                                                                                                                                                                                                                                         ",2019-03-17 09:32:13.000,"Start     ","On        ","On        ",266,"Off       ",0,13.5500002,"On        ","Right     ",4,0,121,51.7000008,92.6600037,66.4560013,118.7600021,"On        ","Right     ",4,0,NULL,NULL,1552815133000,1552815133000
1097060,"111004                                                                                                                                                                                                                                                         ",2019-03-17 09:32:14.000,"Start     ","On        ","On        ",266,"Off       ",0,15.1499996,"On        ","Right     ",4,0,121,51.9000015,92.6600037,66.1791,118.7600021,"On        ","Right     ",4,0,NULL,NULL,1552815134000,1552815134000
1097061,"111004                                                                                                                                                                                                                                                         ",2019-03-17 09:32:15.000,"Start     ","On        ","On        ",266,"Off       ",0,13.8999996,"On        ","Right     ",4,0,121,51.9000015,92.4799957,66.1791,118.7600021,"On        ","Right     ",4,0,NULL,NULL,1552815135000,1552815135000
1097062,"111004                                                                                                                                                                                                                                                         ",2019-03-17 09:32:16.000,"Start     ","On        ","On        ",266,"Off       ",0,14.75,"On        ","Right     ",4,0,121,51.9000015,92.4799957,66.0867996,118.9400024,"On        ","Right     ",4,0,NULL,NULL,1552815136000,1552815136000
1097063,"111004                                                                                                                                                                                                                                                         ",2019-03-17 09:32:17.000,"Start     ","On        ","On        ",266,"Off       ",0,14.9499998,"On        ","Right     ",4,0,121,51.9000015,92.6600037,65.5329971,119.1200027,"On        ","Right     ",4,0,NULL,NULL,1552815137000,1552815137000
1097064,"111004                                                                                                                                                                                                                                                         ",2019-03-17 09:32:18.000,"Start     ","On        ","On        ",266,"Off       ",0,14.3000002,"On        ","Right     ",4,0,121,52,92.4799957,65.6252975,119.1200027,"On        ","Right     ",4,0,NULL,NULL,1552815138000,1552815138000
1097065,"111004                                                                                                                                                                                                                                                         ",2019-03-17 09:32:19.000,"Start     ","On        ","On        ",266,"Off       ",0,13.1999998,"On        ","Right     ",4,0,121,52,92.4799957,65.3484039,119.1200027,"On        ","Right     ",4,0,NULL,NULL,1552815139000,1552815139000
1097066,"111004                                                                                                                                                                                                                                                         ",2019-03-17 09:32:20.000,"Start     ","On        ","On        ",266,"Off       ",0,15.1999998,"On        ","Right     ",4,0,121,51.9000015,92.6600037,64.8869019,119.1200027,"On        ","Right     ",4,0,NULL,NULL,1552815140000,1552815140000
1097067,"111004                                                                                                                                                                                                                                                         ",2019-03-17 09:32:21.000,"Start     ","On        ","On        ",266,"Off       ",0,15.6999998,"On        ","Right     ",4,0,121,51.9000015,92.6600037,64.702301,119.4799957,"On        ","Right     ",4,0,NULL,NULL,1552815141000,1552815141000
1097068,"111004                                                                                                                                                                                                                                                         ",2019-03-17 09:32:22.000,"Start     ","On        ","On        ",266,"Off       ",0,14.8000002,"On        ","Right     ",4,0,121,51.9000015,92.6600037,64.4253998,119.3000031,"On        ","Right     ",4,0,NULL,NULL,1552815142000,1552815142000
1097069,"111004                                                                                                                                                                                                                                                         ",2019-03-17 09:32:23.000,"Start     ","On        ","On        ",266,"Off       ",0,13.6999998,"On        ","Right     ",4,0,121,51.9000015,92.6600037,64.6100006,119.4799957,"On        ","Right     ",4,0,NULL,NULL,1552815143000,1552815143000
1097070,"111004                                                                                                                                                                                                                                                         ",2019-03-17 09:32:24.000,"Start     ","On        ","On        ",267,"Off       ",0,14.6499996,"Off       ","Middle    ",0,0,121,52.0999985,92.6600037,64.5177002,119.3000031,"On        ","Right     ",4,0,NULL,NULL,1552815144000,1552815144000
1097071,"111004                                                                                                                                                                                                                                                         ",2019-03-17 09:32:25.000,"Start     ","On        ","On        ",267,"Off       ",0,14.4499998,"Off       ","Middle    ",0,0,121,52.4000015,92.6600037,64.4253998,119.6600037,"On        ","Right     ",4,0,NULL,NULL,1552815145000,1552815145000
1097072,"111004                                                                                                                                                                                                                                                         ",2019-03-17 09:32:26.000,"Start     ","On        ","On        ",268,"Off       ",0,14.3999996,"Off       ","Middle    ",0,0,121,52.7000008,92.6600037,64.4253998,119.6600037,"On        ","Right     ",4,0,NULL,NULL,1552815146000,1552815146000
1097073,"111004                                                                                                                                                                                                                                                         ",2019-03-17 09:32:27.000,"Start     ","On        ","On        ",268,"Off       ",0,14.5,"Off       ","Middle    ",0,0,121,52.7999992,92.8399963,64.0561981,119.6600037,"On        ","Right     ",4,0,NULL,NULL,1552815147000,1552815147000
1097074,"111004                                                                                                                                                                                                                                                         ",2019-03-17 09:32:28.000,"Start     ","On        ","On        ",267,"Off       ",0,14.8000002,"Off       ","Middle    ",0,0,121,52.9000015,92.6600037,63.8715973,119.6600037,"On        ","Right     ",4,0,NULL,NULL,1552815148000,1552815148000
1097075,"111004                                                                                                                                                                                                                                                         ",2019-03-17 09:32:29.000,"Start     ","On        ","On        ",267,"Off       ",0,14.6999998,"Off       ","Middle    ",0,0,121,53,92.6600037,62.8563004,119.8399963,"On        ","Right     ",4,0,NULL,NULL,1552815149000,1552815149000
1097076,"111004                                                                                                                                                                                                                                                         ",2019-03-17 09:32:30.000,"Start     ","On        ","On        ",267,"Off       ",0,14.4499998,"On        ","Left      ",4,0,121,53.4000015,92.6600037,61.748703,120.0200043,"On        ","Right     ",4,0,NULL,NULL,1552815150000,1552815150000
1097077,"111004                                                                                                                                                                                                                                                         ",2019-03-17 09:32:31.000,"Start     ","On        ","On        ",267,"Off       ",0,14.6000004,"On        ","Left      ",4,0,121,53.0999985,92.6600037,59.4412003,120.0200043,"On        ","Right     ",4,0,NULL,NULL,1552815151000,1552815151000
1097078,"111004                                                                                                                                                                                                                                                         ",2019-03-17 09:32:32.000,"Start     ","On        ","On        ",268,"Off       ",0,14.5500002,"On        ","Left      ",4,0,121,53,92.6600037,58.0567017,120.0200043,"On        ","Right     ",4,0,NULL,NULL,1552815152000,1552815152000
1097079,"111004                                                                                                                                                                                                                                                         ",2019-03-17 09:32:33.000,"Start     ","On        ","On        ",268,"Off       ",0,14.6999998,"On        ","Left      ",4,0,121,52.7999992,92.8399963,56.4876022,120.0200043,"On        ","Right     ",4,0,NULL,NULL,1552815153000,1552815153000
1097080,"111004                                                                                                                                                                                                                                                         ",2019-03-17 09:32:34.000,"Start     ","On        ","On        ",267,"Off       ",0,14.1999998,"On        ","Left      ",4,0,121,52.7999992,92.6600037,54.918499,120.0200043,"On        ","Right     ",4,0,NULL,NULL,1552815154000,1552815154000
1097081,"111004                                                                                                                                                                                                                                                         ",2019-03-17 09:32:35.000,"Start     ","On        ","On        ",267,"Off       ",0,16.0250015,"On        ","Left      ",4,0,121,52.5,92.6600037,54.0877991,120.1999969,"On        ","Right     ",4,0,NULL,NULL,1552815155000,1552815155000
1097082,"111004                                                                                                                                                                                                                                                         ",2019-03-17 09:32:36.000,"Start     ","On        ","On        ",267,"Off       ",0,16.0250015,"On        ","Left      ",4,0,121,52.2000008,92.8399963,54.2723999,120.1999969,"On        ","Right     ",4,0,NULL,NULL,1552815156000,1552815156000
1097083,"111004                                                                                                                                                                                                                                                         ",2019-03-17 09:32:37.000,"Start     ","On        ","On        ",267,"Off       ",0,15.6000004,"On        ","Left      ",4,0,121,52,92.6600037,54.918499,120.1999969,"On        ","Right     ",4,0,NULL,NULL,1552815157000,1552815157000
1097084,"111004                                                                                                                                                                                                                                                         ",2019-03-17 09:32:38.000,"Start     ","On        ","On        ",267,"Off       ",0,15.0500002,"On        ","Left      ",4,0,121,51.9000015,92.8399963,56.210701,120.1999969,"On        ","Right     ",4,0,NULL,NULL,1552815158000,1552815158000
1097085,"111004                                                                                                                                                                                                                                                         ",2019-03-17 09:32:39.000,"Start     ","On        ","On        ",267,"Off       ",0,14.8500004,"On        ","Left      ",4,0,121,51.7000008,92.8399963,57.6875,120.3799973,"On        ","Right     ",4,0,NULL,NULL,1552815159000,1552815159000
1097086,"111004                                                                                                                                                                                                                                                         ",2019-03-17 09:32:40.000,"Start     ","On        ","On        ",267,"Off       ",0,14.2749996,"On        ","Left      ",4,0,122,51.5999985,92.8399963,59.3489037,120.3799973,"On        ","Right     ",4,0,NULL,NULL,1552815160000,1552815160000
1097087,"111004                                                                                                                                                                                                                                                         ",2019-03-17 09:32:41.000,"Start     ","On        ","On        ",267,"Off       ",0,14.2749996,"On        ","Left      ",4,0,122,51.2999992,92.6600037,59.5335007,120.3799973,"On        ","Right     ",4,0,NULL,NULL,1552815161000,1552815161000
1097088,"111004                                                                                                                                                                                                                                                         ",2019-03-17 09:32:42.000,"Start     ","On        ","On        ",268,"Off       ",0,14.5,"On        ","Left      ",4,0,122,51.2000008,92.6600037,59.8104019,120.5599976,"On        ","Right     ",4,0,NULL,NULL,1552815162000,1552815162000
1097089,"111004                                                                                                                                                                                                                                                         ",2019-03-17 09:32:43.000,"Start     ","On        ","On        ",268,"Off       ",0,14.6000004,"On        ","Left      ",4,0,122,51.2999992,92.8399963,60.271904,120.3799973,"On        ","Right     ",4,0,NULL,NULL,1552815163000,1552815163000
1097090,"111004                                                                                                                                                                                                                                                         ",2019-03-17 09:32:44.000,"Start     ","On        ","On        ",267,"Off       ",0,15.8500004,"On        ","Left      ",4,0,123,51.2000008,92.8399963,60.641098,120.7399979,"On        ","Right     ",4,0,NULL,NULL,1552815164000,1552815164000
1097091,"111004                                                                                                                                                                                                                                                         ",2019-03-17 09:32:45.000,"Start     ","On        ","On        ",267,"Off       ",0,14.4499998,"On        ","Left      ",4,0,123,51.2000008,92.6600037,60.271904,120.7399979,"On        ","Right     ",4,0,NULL,NULL,1552815165000,1552815165000
1097092,"111004                                                                                                                                                                                                                                                         ",2019-03-17 09:32:46.000,"Start     ","On        ","On        ",267,"Off       ",0,15.1000004,"On        ","Left      ",4,0,123,51.2000008,92.6600037,60.0872993,120.5599976,"On        ","Right     ",4,0,NULL,NULL,1552815166000,1552815166000
1097093,"111004                                                                                                                                                                                                                                                         ",2019-03-17 09:32:47.000,"Start     ","On        ","On        ",267,"Off       ",0,13.4499998,"On        ","Left      ",4,0,123,51.2000008,92.8399963,60.3642006,120.9200058,"On        ","Right     ",4,0,NULL,NULL,1552815167000,1552815167000
1097094,"111004                                                                                                                                                                                                                                                         ",2019-03-17 09:32:48.000,"Start     ","On        ","On        ",267,"Off       ",0,13.6499996,"On        ","Left      ",4,0,123,51.2000008,92.8399963,60.3642006,121.0999985,"On        ","Right     ",4,0,NULL,NULL,1552815168000,1552815168000
1097095,"111004                                                                                                                                                                                                                                                         ",2019-03-17 09:32:49.000,"Start     ","On        ","On        ",267,"Off       ",0,14.1499996,"On        ","Left      ",4,0,123,51.0999985,92.6600037,60.3642006,120.9200058,"On        ","Right     ",4,0,NULL,NULL,1552815169000,1552815169000
1097096,"111004                                                                                                                                                                                                                                                         ",2019-03-17 09:32:50.000,"Start     ","On        ","On        ",266,"Off       ",0,14.8500004,"On        ","Left      ",4,0,123,51.2000008,92.8399963,60.7334023,121.0999985,"On        ","Right     ",4,0,NULL,NULL,1552815170000,1552815170000
1097097,"111004                                                                                                                                                                                                                                                         ",2019-03-17 09:32:51.000,"Start     ","On        ","On        ",266,"Off       ",0,14.3500004,"On        ","Left      ",4,0,123,51.0999985,92.8399963,60.8257027,121.0999985,"On        ","Right     ",4,0,NULL,NULL,1552815171000,1552815171000
1097098,"111004                                                                                                                                                                                                                                                         ",2019-03-17 09:32:52.000,"Start     ","On        ","On        ",266,"Off       ",0,14.6000004,"On        ","Left      ",4,0,123,51.2000008,92.8399963,60.456501,121.2799988,"On        ","Right     ",4,0,NULL,NULL,1552815172000,1552815172000
1097099,"111004                                                                                                                                                                                                                                                         ",2019-03-17 09:32:53.000,"Start     ","On        ","On        ",267,"Off       ",0,15,"On        ","Left      ",4,0,123,51.0999985,92.8399963,60.3642006,121.2799988,"On        ","Right     ",4,0,NULL,NULL,1552815173000,1552815173000
1097100,"111004                                                                                                                                                                                                                                                         ",2019-03-17 09:32:54.000,"Start     ","On        ","On        ",267,"Off       ",0,16.6000004,"On        ","Left      ",4,0,123,51,92.6600037,60.5487976,121.2799988,"On        ","Right     ",4,0,NULL,NULL,1552815174000,1552815174000
1097101,"111004                                                                                                                                                                                                                                                         ",2019-03-17 09:32:55.000,"Start     ","On        ","On        ",267,"Off       ",0,15.4499998,"On        ","Left      ",4,0,123,51,92.8399963,60.5487976,121.4599991,"On        ","Right     ",4,0,NULL,NULL,1552815175000,1552815175000
1097102,"111004                                                                                                                                                                                                                                                         ",2019-03-17 09:32:56.000,"Start     ","On        ","On        ",267,"Off       ",0,14.3000002,"On        ","Left      ",4,0,123,51,92.8399963,60.3642006,121.4599991,"On        ","Right     ",4,0,NULL,NULL,1552815176000,1552815176000
1097103,"111004                                                                                                                                                                                                                                                         ",2019-03-17 09:32:57.000,"Start     ","On        ","On        ",267,"Off       ",0,14.3000002,"On        ","Left      ",4,0,123,51,92.8399963,60.3642006,121.4599991,"On        ","Right     ",4,0,NULL,NULL,1552815177000,1552815177000
1097104,"111004                                                                                                                                                                                                                                                         ",2019-03-17 09:32:58.000,"Start     ","On        ","On        ",267,"Off       ",0,14.5500002,"On        ","Left      ",4,0,123,51,92.8399963,60.456501,121.6399994,"On        ","Right     ",4,0,NULL,NULL,1552815178000,1552815178000
1097105,"111004                                                                                                                                                                                                                                                         ",2019-03-17 09:32:59.000,"Start     ","On        ","On        ",267,"Off       ",0,16.1499996,"On        ","Left      ",4,0,123,51.0999985,92.8399963,60.271904,121.6399994,"On        ","Right     ",4,0,NULL,NULL,1552815179000,1552815179000
1097106,"111004                                                                                                                                                                                                                                                         ",2019-03-17 09:33:00.000,"Start     ","On        ","On        ",266,"Off       ",0,13.5249996,"On        ","Left      ",4,0,123,51.2000008,92.8399963,59.5335007,121.6399994,"On        ","Right     ",4,0,NULL,NULL,1552815180000,1552815180000
1097107,"111004                                                                                                                                                                                                                                                         ",2019-03-17 09:33:01.000,"Start     ","On        ","On        ",266,"Off       ",0,13.5249996,"On        ","Left      ",4,0,123,51.2000008,92.8399963,59.3489037,121.8199997,"On        ","Right     ",4,0,NULL,NULL,1552815181000,1552815181000
1097108,"111004                                                                                                                                                                                                                                                         ",2019-03-17 09:33:02.000,"Start     ","On        ","On        ",267,"Off       ",0,13.8999996,"On        ","Left      ",4,0,123,51.2000008,92.8399963,59.4412003,121.8199997,"On        ","Right     ",4,0,NULL,NULL,1552815182000,1552815182000
1097109,"111004                                                                                                                                                                                                                                                         ",2019-03-17 09:33:03.000,"Start     ","On        ","On        ",267,"Off       ",0,13.6499996,"On        ","Left      ",4,0,123,51,92.8399963,59.5335007,121.8199997,"On        ","Right     ",4,0,NULL,NULL,1552815183000,1552815183000
1097110,"111004                                                                                                                                                                                                                                                         ",2019-03-17 09:33:04.000,"Start     ","On        ","On        ",267,"Off       ",0,13.8999996,"On        ","Left      ",4,0,123,51.0999985,92.8399963,59.9949989,122,"On        ","Right     ",4,0,NULL,NULL,1552815184000,1552815184000
1097111,"111004                                                                                                                                                                                                                                                         ",2019-03-17 09:33:05.000,"Start     ","On        ","On        ",267,"Off       ",0,15.8999996,"On        ","Left      ",4,0,123,51.2000008,92.8399963,60.0872993,122,"On        ","Right     ",4,0,NULL,NULL,1552815185000,1552815185000
1097112,"111004                                                                                                                                                                                                                                                         ",2019-03-17 09:33:06.000,"Start     ","On        ","On        ",267,"Off       ",0,15.5500002,"On        ","Left      ",4,0,123,51.2000008,92.8399963,59.9949989,122,"On        ","Right     ",4,0,NULL,NULL,1552815186000,1552815186000
1097113,"111004                                                                                                                                                                                                                                                         ",2019-03-17 09:33:07.000,"Start     ","On        ","On        ",267,"Off       ",0,14.5,"On        ","Left      ",4,0,123,51.2000008,92.8399963,59.9027023,122,"On        ","Right     ",4,0,NULL,NULL,1552815187000,1552815187000
1097114,"111004                                                                                                                                                                                                                                                         ",2019-03-17 09:33:08.000,"Start     ","On        ","On        ",267,"Off       ",0,14.8000002,"On        ","Left      ",4,0,123,51.2999992,92.8399963,59.9027023,122.1800003,"On        ","Right     ",4,0,NULL,NULL,1552815188000,1552815188000
1097115,"111004                                                                                                                                                                                                                                                         ",2019-03-17 09:33:09.000,"Start     ","On        ","On        ",267,"Off       ",0,15.8500004,"On        ","Left      ",4,0,123,51.2000008,92.8399963,59.9027023,122,"On        ","Right     ",4,0,NULL,NULL,1552815189000,1552815189000
1097116,"111004                                                                                                                                                                                                                                                         ",2019-03-17 09:33:10.000,"Start     ","On        ","On        ",267,"Off       ",0,14.4499998,"On        ","Left      ",4,0,123,51.2000008,93.0200043,59.9027023,122,"On        ","Right     ",4,0,NULL,NULL,1552815190000,1552815190000
1097117,"111004                                                                                                                                                                                                                                                         ",2019-03-17 09:33:11.000,"Start     ","On        ","On        ",267,"Off       ",0,12.8999996,"On        ","Left      ",4,0,123,51.2000008,92.8399963,59.9027023,122.3600006,"On        ","Right     ",4,0,NULL,NULL,1552815191000,1552815191000
1097118,"111004                                                                                                                                                                                                                                                         ",2019-03-17 09:33:12.000,"Start     ","On        ","On        ",267,"Off       ",0,13.8000002,"On        ","Left      ",4,0,123,51.2000008,92.8399963,59.9027023,122.3600006,"On        ","Right     ",4,0,NULL,NULL,1552815192000,1552815192000
1097119,"111004                                                                                                                                                                                                                                                         ",2019-03-17 09:33:13.000,"Start     ","On        ","On        ",267,"Off       ",0,14.1999998,"Off       ","Middle    ",0,0,123,51.2999992,92.8399963,59.9027023,122.3600006,"On        ","Right     ",4,0,NULL,NULL,1552815193000,1552815193000
1097120,"111004                                                                                                                                                                                                                                                         ",2019-03-17 09:33:14.000,"Start     ","On        ","On        ",267,"Off       ",0,13.6999998,"Off       ","Middle    ",0,0,123,51.2999992,93.0200043,59.9027023,122.3600006,"On        ","Right     ",4,0,NULL,NULL,1552815194000,1552815194000
1097121,"111004                                                                                                                                                                                                                                                         ",2019-03-17 09:33:15.000,"Start     ","On        ","On        ",267,"Off       ",0,14.6499996,"Off       ","Middle    ",0,0,123,51.2999992,92.8399963,59.9027023,122.5400009,"On        ","Right     ",4,0,NULL,NULL,1552815195000,1552815195000
1097122,"111004                                                                                                                                                                                                                                                         ",2019-03-17 09:33:16.000,"Start     ","On        ","On        ",267,"Off       ",0,14.6000004,"Off       ","Middle    ",0,0,123,51.2000008,93.0200043,59.8104019,122.5400009,"On        ","Right     ",4,0,NULL,NULL,1552815196000,1552815196000
1097123,"111004                                                                                                                                                                                                                                                         ",2019-03-17 09:33:17.000,"Start     ","On        ","On        ",267,"Off       ",0,14.6999998,"Off       ","Middle    ",0,0,123,51.2999992,93.0200043,59.2565956,122.5400009,"On        ","Right     ",4,0,NULL,NULL,1552815197000,1552815197000
1097124,"111004                                                                                                                                                                                                                                                         ",2019-03-17 09:33:18.000,"Start     ","On        ","On        ",267,"Off       ",0,14.3000002,"Off       ","Middle    ",0,0,123,51.4000015,92.8399963,58.4258995,122.7200012,"On        ","Right     ",4,0,NULL,NULL,1552815198000,1552815198000
1097125,"111004                                                                                                                                                                                                                                                         ",2019-03-17 09:33:19.000,"Start     ","On        ","On        ",267,"Off       ",0,14.3999996,"On        ","Right     ",4,0,123,51.5,93.0200043,57.2260017,122.7200012,"On        ","Right     ",4,0,NULL,NULL,1552815199000,1552815199000
1097126,"111004                                                                                                                                                                                                                                                         ",2019-03-17 09:33:20.000,"Start     ","On        ","On        ",267,"Off       ",0,14.4499998,"On        ","Right     ",4,0,123,51.5,93.0200043,55.8414993,122.7200012,"On        ","Right     ",4,0,NULL,NULL,1552815200000,1552815200000
1097127,"111004                                                                                                                                                                                                                                                         ",2019-03-17 09:33:21.000,"Start     ","On        ","On        ",267,"Off       ",0,14.3500004,"On        ","Right     ",4,0,123,51.5,92.8399963,53.9032021,122.7200012,"On        ","Right     ",4,0,NULL,NULL,1552815201000,1552815201000
1097128,"111004                                                                                                                                                                                                                                                         ",2019-03-17 09:33:22.000,"Start     ","On        ","On        ",267,"Off       ",0,14.5500002,"On        ","Right     ",4,0,123,51.5,93.0200043,52.0572014,122.9000015,"On        ","Right     ",4,0,NULL,NULL,1552815202000,1552815202000
1097129,"111004                                                                                                                                                                                                                                                         ",2019-03-17 09:33:23.000,"Start     ","On        ","On        ",267,"Off       ",0,14.0500002,"On        ","Right     ",4,0,123,51.4000015,93.0200043,50.5803986,122.9000015,"On        ","Right     ",4,0,NULL,NULL,1552815203000,1552815203000
1097130,"111004                                                                                                                                                                                                                                                         ",2019-03-17 09:33:24.000,"Start     ","On        ","On        ",266,"Off       ",0,13.5500002,"On        ","Right     ",4,0,124,51.2000008,92.8399963,49.4727974,122.9000015,"On        ","Right     ",4,0,NULL,NULL,1552815204000,1552815204000
1097131,"111004                                                                                                                                                                                                                                                         ",2019-03-17 09:33:25.000,"Start     ","On        ","On        ",266,"Off       ",0,16.25,"On        ","Right     ",4,0,124,51.7000008,93.1999969,49.5651016,122.9000015,"On        ","Right     ",4,0,NULL,NULL,1552815205000,1552815205000
1097132,"111004                                                                                                                                                                                                                                                         ",2019-03-17 09:33:26.000,"Start     ","On        ","On        ",266,"Off       ",0,14.1000004,"On        ","Right     ",4,0,124,51.0999985,93.0200043,49.9342995,122.9000015,"On        ","Right     ",4,0,NULL,NULL,1552815206000,1552815206000
1097133,"111004                                                                                                                                                                                                                                                         ",2019-03-17 09:33:27.000,"Start     ","On        ","On        ",266,"Off       ",0,14.3000002,"On        ","Right     ",4,0,124,51.0999985,93.0200043,51.134201,123.0799942,"On        ","Right     ",4,0,NULL,NULL,1552815207000,1552815207000
1097134,"111004                                                                                                                                                                                                                                                         ",2019-03-17 09:33:28.000,"Start     ","On        ","On        ",266,"Off       ",0,15.3999996,"On        ","Right     ",4,0,124,51.7000008,93.1999969,52.5186996,123.0799942,"On        ","Right     ",4,0,NULL,NULL,1552815208000,1552815208000
1097135,"111004                                                                                                                                                                                                                                                         ",2019-03-17 09:33:29.000,"Start     ","On        ","On        ",266,"Off       ",0,14.6999998,"On        ","Right     ",4,0,125,51.7999992,93.1999969,53.7186012,123.2600021,"On        ","Right     ",4,0,NULL,NULL,1552815209000,1552815209000
1097136,"111004                                                                                                                                                                                                                                                         ",2019-03-17 09:33:30.000,"Start     ","On        ","On        ",266,"Off       ",0,15.5500002,"On        ","Right     ",4,0,125,51.2999992,93.0200043,54.1800995,123.2600021,"On        ","Right     ",4,0,NULL,NULL,1552815210000,1552815210000
1097137,"111004                                                                                                                                                                                                                                                         ",2019-03-17 09:33:31.000,"Start     ","On        ","On        ",267,"Off       ",0,14.1000004,"On        ","Right     ",4,0,125,51.2999992,93.0200043,54.8262024,123.2600021,"On        ","Right     ",4,0,NULL,NULL,1552815211000,1552815211000
1097138,"111004                                                                                                                                                                                                                                                         ",2019-03-17 09:33:32.000,"Start     ","On        ","On        ",267,"Off       ",0,14.1499996,"On        ","Right     ",4,0,125,51.2000008,93.0200043,55.3800011,123.2600021,"On        ","Right     ",4,0,NULL,NULL,1552815212000,1552815212000
1097139,"111004                                                                                                                                                                                                                                                         ",2019-03-17 09:33:33.000,"Start     ","On        ","On        ",267,"Off       ",0,14,"On        ","Right     ",4,0,125,51.2000008,93.0200043,55.6568985,123.4400024,"On        ","Right     ",4,0,NULL,NULL,1552815213000,1552815213000
1097140,"111004                                                                                                                                                                                                                                                         ",2019-03-17 09:33:34.000,"Start     ","On        ","On        ",267,"Off       ",0,12.3999996,"On        ","Right     ",4,0,125,51.7999992,93.1999969,55.8414993,123.4400024,"On        ","Right     ",4,0,NULL,NULL,1552815214000,1552815214000
1097141,"111004                                                                                                                                                                                                                                                         ",2019-03-17 09:33:35.000,"Start     ","On        ","On        ",268,"Off       ",0,13.5,"On        ","Right     ",4,0,125,51.7999992,93.1999969,55.8414993,123.6200027,"On        ","Right     ",4,0,NULL,NULL,1552815215000,1552815215000
1097142,"111004                                                                                                                                                                                                                                                         ",2019-03-17 09:33:36.000,"Start     ","On        ","On        ",268,"Off       ",0,14,"On        ","Right     ",4,0,125,51.7999992,93.1999969,56.210701,123.8000031,"On        ","Right     ",4,0,NULL,NULL,1552815216000,1552815216000
1097143,"111004                                                                                                                                                                                                                                                         ",2019-03-17 09:33:37.000,"Start     ","On        ","On        ",268,"Off       ",0,14.3500004,"On        ","Right     ",4,0,125,51.2000008,93.0200043,56.0261002,123.8000031,"On        ","Right     ",4,0,NULL,NULL,1552815217000,1552815217000
1097144,"111004                                                                                                                                                                                                                                                         ",2019-03-17 09:33:38.000,"Start     ","On        ","On        ",268,"Off       ",0,15.1000004,"On        ","Right     ",4,0,125,51.2000008,93.0200043,55.9337997,123.8000031,"On        ","Right     ",4,0,NULL,NULL,1552815218000,1552815218000
1097145,"111004                                                                                                                                                                                                                                                         ",2019-03-17 09:33:39.000,"Start     ","On        ","On        ",269,"Off       ",0,14.6999998,"On        ","Right     ",4,0,125,51.7999992,93.1999969,55.7492027,123.8000031,"On        ","Right     ",4,0,NULL,NULL,1552815219000,1552815219000
1097146,"111004                                                                                                                                                                                                                                                         ",2019-03-17 09:33:40.000,"Start     ","On        ","On        ",269,"Off       ",0,14.5500002,"On        ","Right     ",4,0,125,51.2999992,93.0200043,55.6568985,123.8000031,"On        ","Right     ",4,0,NULL,NULL,1552815220000,1552815220000
1097147,"111004                                                                                                                                                                                                                                                         ",2019-03-17 09:33:41.000,"Start     ","On        ","On        ",269,"Off       ",0,15.75,"On        ","Right     ",4,0,125,51.7999992,93.1999969,55.8414993,123.8000031,"On        ","Right     ",4,0,NULL,NULL,1552815221000,1552815221000
1097148,"111004                                                                                                                                                                                                                                                         ",2019-03-17 09:33:42.000,"Start     ","On        ","On        ",269,"Off       ",0,14.1000004,"On        ","Right     ",4,0,125,51.2000008,93.0200043,55.6568985,124.1600037,"On        ","Right     ",4,0,NULL,NULL,1552815222000,1552815222000
1097149,"111004                                                                                                                                                                                                                                                         ",2019-03-17 09:33:43.000,"Start     ","On        ","On        ",270,"Off       ",0,13.1499996,"On        ","Right     ",4,0,125,51.2999992,93.0200043,55.8414993,124.1600037,"On        ","Right     ",4,0,NULL,NULL,1552815223000,1552815223000
1097150,"111004                                                                                                                                                                                                                                                         ",2019-03-17 09:33:44.000,"Start     ","On        ","On        ",270,"Off       ",0,14.3000002,"On        ","Right     ",4,0,125,51.4000015,93.0200043,55.7492027,124.1600037,"On        ","Right     ",4,0,NULL,NULL,1552815224000,1552815224000
1097151,"111004                                                                                                                                                                                                                                                         ",2019-03-17 09:33:45.000,"Start     ","On        ","On        ",270,"Off       ",0,14.5,"On        ","Right     ",4,0,125,51.5,93.0200043,55.6568985,124.1600037,"On        ","Right     ",4,0,NULL,NULL,1552815225000,1552815225000
1097152,"111004                                                                                                                                                                                                                                                         ",2019-03-17 09:33:46.000,"Start     ","On        ","On        ",270,"Off       ",0,13.5500002,"On        ","Right     ",4,0,125,52.0999985,93.1999969,55.5646019,124.1600037,"On        ","Right     ",4,0,NULL,NULL,1552815226000,1552815226000
1097153,"111004                                                                                                                                                                                                                                                         ",2019-03-17 09:33:47.000,"Start     ","On        ","On        ",270,"Off       ",0,13.8000002,"On        ","Right     ",4,0,125,51.5,93.0200043,55.5646019,124.1600037,"On        ","Right     ",4,0,NULL,NULL,1552815227000,1552815227000
1097154,"111004                                                                                                                                                                                                                                                         ",2019-03-17 09:33:48.000,"Start     ","On        ","On        ",270,"Off       ",0,13.8000002,"On        ","Right     ",4,0,125,52.2000008,93.1999969,55.5646019,124.1600037,"On        ","Right     ",4,0,NULL,NULL,1552815228000,1552815228000
1097155,"111004                                                                                                                                                                                                                                                         ",2019-03-17 09:33:49.000,"Start     ","On        ","On        ",270,"Off       ",0,14.1999998,"On        ","Right     ",4,0,125,52.2000008,93.1999969,55.6568985,124.5200043,"On        ","Right     ",4,0,NULL,NULL,1552815229000,1552815229000
1097156,"111004                                                                                                                                                                                                                                                         ",2019-03-17 09:33:50.000,"Start     ","On        ","On        ",270,"Off       ",0,15.0500002,"On        ","Right     ",4,0,125,51.5999985,93.0200043,55.8414993,124.5200043,"On        ","Right     ",4,0,NULL,NULL,1552815230000,1552815230000
1097157,"111004                                                                                                                                                                                                                                                         ",2019-03-17 09:33:51.000,"Start     ","On        ","On        ",270,"Off       ",0,14.5,"On        ","Right     ",4,0,125,51.5999985,93.0200043,55.7492027,124.5200043,"On        ","Right     ",4,0,NULL,NULL,1552815231000,1552815231000
1097158,"111004                                                                                                                                                                                                                                                         ",2019-03-17 09:33:52.000,"Start     ","On        ","On        ",270,"Off       ",0,15.5500002,"On        ","Right     ",4,0,125,52.2000008,93.1999969,55.4722977,124.5200043,"On        ","Right     ",4,0,NULL,NULL,1552815232000,1552815232000
1097159,"111004                                                                                                                                                                                                                                                         ",2019-03-17 09:33:53.000,"Start     ","On        ","On        ",270,"Off       ",0,13.6000004,"On        ","Right     ",4,0,125,51.7999992,93.0200043,55.2877007,124.6999969,"On        ","Right     ",4,0,NULL,NULL,1552815233000,1552815233000
1097160,"111004                                                                                                                                                                                                                                                         ",2019-03-17 09:33:54.000,"Start     ","On        ","On        ",270,"Off       ",0,14.75,"On        ","Right     ",4,0,125,51.9000015,93.0200043,55.3800011,124.5200043,"On        ","Right     ",4,0,NULL,NULL,1552815234000,1552815234000
1097161,"111004                                                                                                                                                                                                                                                         ",2019-03-17 09:33:55.000,"Start     ","On        ","On        ",270,"Off       ",0,14.5249996,"On        ","Right     ",4,0,125,52.2999992,93.1999969,55.0107994,124.6999969,"On        ","Right     ",4,0,NULL,NULL,1552815235000,1552815235000
1097162,"111004                                                                                                                                                                                                                                                         ",2019-03-17 09:33:56.000,"Start     ","On        ","On        ",270,"Off       ",0,14.5249996,"On        ","Right     ",4,0,124,52.5,93.1999969,55.1030998,124.8799973,"On        ","Right     ",4,0,NULL,NULL,1552815236000,1552815236000
1097163,"111004                                                                                                                                                                                                                                                         ",2019-03-17 09:33:57.000,"Start     ","On        ","On        ",270,"Off       ",0,14.1000004,"On        ","Right     ",4,0,124,52.2999992,93.1999969,55.0107994,124.8799973,"On        ","Right     ",4,0,NULL,NULL,1552815237000,1552815237000
1097164,"111004                                                                                                                                                                                                                                                         ",2019-03-17 09:33:58.000,"Start     ","On        ","On        ",271,"Off       ",0,13.5500002,"On        ","Right     ",4,0,124,52.2000008,93.1999969,54.8262024,124.8799973,"On        ","Right     ",4,0,NULL,NULL,1552815238000,1552815238000
1097165,"111004                                                                                                                                                                                                                                                         ",2019-03-17 09:33:59.000,"Start     ","On        ","On        ",271,"Off       ",0,13.6000004,"On        ","Right     ",4,0,124,52.4000015,93.1999969,54.918499,124.8799973,"On        ","Right     ",4,0,NULL,NULL,1552815239000,1552815239000
1097166,"111004                                                                                                                                                                                                                                                         ",2019-03-17 09:34:00.000,"Start     ","On        ","On        ",271,"Off       ",0,13.6999998,"On        ","Right     ",4,0,124,51.7000008,93.0200043,54.8262024,124.8799973,"On        ","Right     ",4,0,NULL,NULL,1552815240000,1552815240000
1097167,"111004                                                                                                                                                                                                                                                         ",2019-03-17 09:34:01.000,"Start     ","On        ","On        ",271,"Off       ",0,14,"Off       ","Middle    ",0,0,124,52.2000008,93.1999969,54.5492973,124.8799973,"On        ","Right     ",4,0,NULL,NULL,1552815241000,1552815241000
1097168,"111004                                                                                                                                                                                                                                                         ",2019-03-17 09:34:02.000,"Start     ","On        ","On        ",270,"Off       ",0,13.8000002,"Off       ","Middle    ",0,0,124,52.2999992,93.1999969,54.5492973,125.0599976,"On        ","Right     ",4,0,NULL,NULL,1552815242000,1552815242000
1097169,"111004                                                                                                                                                                                                                                                         ",2019-03-17 09:34:03.000,"Start     ","On        ","On        ",270,"Off       ",0,14,"Off       ","Middle    ",0,0,124,51.7999992,93.0200043,54.2723999,125.0599976,"On        ","Right     ",4,0,NULL,NULL,1552815243000,1552815243000
1097170,"111004                                                                                                                                                                                                                                                         ",2019-03-17 09:34:04.000,"Start     ","On        ","On        ",270,"Off       ",0,14,"Off       ","Middle    ",0,0,124,51.9000015,93.0200043,54.2723999,125.0599976,"On        ","Right     ",4,0,NULL,NULL,1552815244000,1552815244000
1097171,"111004                                                                                                                                                                                                                                                         ",2019-03-17 09:34:05.000,"Start     ","On        ","On        ",271,"Off       ",0,15.1499996,"Off       ","Middle    ",0,0,124,52.4000015,93.1999969,53.8108978,125.0599976,"On        ","Right     ",4,0,NULL,NULL,1552815245000,1552815245000
1097172,"111004                                                                                                                                                                                                                                                         ",2019-03-17 09:34:06.000,"Start     ","On        ","On        ",271,"Off       ",0,13.9499998,"Off       ","Middle    ",0,0,124,52.4000015,93.1999969,52.7956009,125.4200058,"On        ","Right     ",4,0,NULL,NULL,1552815246000,1552815246000
1097173,"111004                                                                                                                                                                                                                                                         ",2019-03-17 09:34:07.000,"Start     ","On        ","On        ",271,"Off       ",0,14.3000002,"On        ","Left      ",4,0,124,51.7000008,93.0200043,51.5957031,125.4200058,"On        ","Right     ",4,0,NULL,NULL,1552815247000,1552815247000
1097174,"111004                                                                                                                                                                                                                                                         ",2019-03-17 09:34:08.000,"Start     ","On        ","On        ",271,"Off       ",0,14.3000002,"On        ","Left      ",4,0,124,52.2999992,93.1999969,50.488102,125.4200058,"On        ","Right     ",4,0,NULL,NULL,1552815248000,1552815248000
1097175,"111004                                                                                                                                                                                                                                                         ",2019-03-17 09:34:09.000,"Start     ","On        ","On        ",271,"Off       ",0,14.1999998,"On        ","Left      ",4,0,125,52.2000008,93.1999969,49.0112991,125.2399979,"On        ","Right     ",4,0,NULL,NULL,1552815249000,1552815249000
1097176,"111004                                                                                                                                                                                                                                                         ",2019-03-17 09:34:10.000,"Start     ","On        ","On        ",271,"Off       ",0,14.4499998,"On        ","Left      ",4,0,125,52.2000008,93.1999969,47.719101,125.4200058,"On        ","Right     ",4,0,NULL,NULL,1552815250000,1552815250000
1097177,"111004                                                                                                                                                                                                                                                         ",2019-03-17 09:34:11.000,"Start     ","On        ","On        ",271,"Off       ",0,15.25,"On        ","Left      ",4,0,125,52.0999985,93.1999969,46.1500015,125.2399979,"On        ","Right     ",4,0,NULL,NULL,1552815251000,1552815251000
1097178,"111004                                                                                                                                                                                                                                                         ",2019-03-17 09:34:12.000,"Start     ","On        ","On        ",271,"Off       ",0,15.8999996,"On        ","Left      ",4,0,125,52.0999985,93.1999969,45.0424004,125.4200058,"On        ","Right     ",4,0,NULL,NULL,1552815252000,1552815252000
1097179,"111004                                                                                                                                                                                                                                                         ",2019-03-17 09:34:13.000,"Start     ","On        ","On        ",271,"Off       ",0,15.3999996,"On        ","Left      ",4,0,125,52.0999985,93.1999969,45.5962029,125.5999985,"On        ","Right     ",4,0,NULL,NULL,1552815253000,1552815253000
1097180,"111004                                                                                                                                                                                                                                                         ",2019-03-17 09:34:14.000,"Start     ","On        ","On        ",271,"Off       ",0,13.6999998,"On        ","Left      ",4,0,125,52.0999985,93.1999969,45.2270012,125.4200058,"On        ","Right     ",4,0,NULL,NULL,1552815254000,1552815254000
1097181,"111004                                                                                                                                                                                                                                                         ",2019-03-17 09:34:15.000,"Start     ","On        ","On        ",271,"Off       ",0,14.3000002,"On        ","Left      ",4,0,126,52.0999985,93.1999969,46.9807014,125.5999985,"On        ","Right     ",4,0,NULL,NULL,1552815255000,1552815255000
1097182,"111004                                                                                                                                                                                                                                                         ",2019-03-17 09:34:16.000,"Start     ","On        ","On        ",271,"Off       ",0,14.25,"On        ","Left      ",4,0,126,52.0999985,93.3799973,48.5497971,125.5999985,"On        ","Right     ",4,0,NULL,NULL,1552815256000,1552815256000
1097183,"111004                                                                                                                                                                                                                                                         ",2019-03-17 09:34:17.000,"Start     ","On        ","On        ",270,"Off       ",0,14.4499998,"On        ","Left      ",4,0,126,52.0999985,93.1999969,49.9342995,125.5999985,"On        ","Right     ",4,0,NULL,NULL,1552815257000,1552815257000
1097184,"111004                                                                                                                                                                                                                                                         ",2019-03-17 09:34:18.000,"Start     ","On        ","On        ",270,"Off       ",0,14.1999998,"On        ","Left      ",4,0,126,52.0999985,93.1999969,50.7649994,125.5999985,"On        ","Right     ",4,0,NULL,NULL,1552815258000,1552815258000
1097185,"111004                                                                                                                                                                                                                                                         ",2019-03-17 09:34:19.000,"Start     ","On        ","On        ",270,"Off       ",0,14.25,"On        ","Left      ",4,0,126,51.9000015,93.1999969,51.2265015,125.5999985,"On        ","Right     ",4,0,NULL,NULL,1552815259000,1552815259000
1097186,"111004                                                                                                                                                                                                                                                         ",2019-03-17 09:34:20.000,"Start     ","On        ","On        ",270,"Off       ",0,13.9499998,"On        ","Left      ",4,0,126,51.9000015,93.1999969,51.5957031,125.7799988,"On        ","Right     ",4,0,NULL,NULL,1552815260000,1552815260000
1097187,"111004                                                                                                                                                                                                                                                         ",2019-03-17 09:34:21.000,"Start     ","On        ","On        ",271,"Off       ",0,14.3000002,"On        ","Left      ",4,0,126,51.7000008,93.1999969,51.6879997,125.7799988,"On        ","Right     ",4,0,NULL,NULL,1552815261000,1552815261000
1097188,"111004                                                                                                                                                                                                                                                         ",2019-03-17 09:34:22.000,"Start     ","On        ","On        ",271,"Off       ",0,14.1999998,"On        ","Left      ",4,0,126,51.7000008,93.1999969,51.8726006,125.7799988,"On        ","Right     ",4,0,NULL,NULL,1552815262000,1552815262000
1097189,"111004                                                                                                                                                                                                                                                         ",2019-03-17 09:34:23.000,"Start     ","On        ","On        ",271,"Off       ",0,14.8000002,"On        ","Left      ",4,0,126,51.7999992,93.1999969,51.964901,125.7799988,"On        ","Right     ",4,0,NULL,NULL,1552815263000,1552815263000
1097190,"111004                                                                                                                                                                                                                                                         ",2019-03-17 09:34:24.000,"Start     ","On        ","On        ",271,"Off       ",0,14.4499998,"On        ","Left      ",4,0,126,51.7000008,93.3799973,51.964901,125.9599991,"On        ","Right     ",4,0,NULL,NULL,1552815264000,1552815264000
1097191,"111004                                                                                                                                                                                                                                                         ",2019-03-17 09:34:25.000,"Start     ","On        ","On        ",270,"Off       ",0,14.1999998,"On        ","Left      ",4,0,126,51.5999985,93.1999969,51.964901,125.9599991,"On        ","Right     ",4,0,NULL,NULL,1552815265000,1552815265000
1097192,"111004                                                                                                                                                                                                                                                         ",2019-03-17 09:34:26.000,"Start     ","On        ","On        ",270,"Off       ",0,13.1999998,"On        ","Left      ",4,0,126,51.5,93.3799973,52.2417984,125.9599991,"On        ","Right     ",4,0,NULL,NULL,1552815266000,1552815266000
1097193,"111004                                                                                                                                                                                                                                                         ",2019-03-17 09:34:27.000,"Start     ","On        ","On        ",271,"Off       ",0,12.5500002,"On        ","Left      ",4,0,126,51.5999985,93.3799973,52.1495018,125.9599991,"On        ","Right     ",4,0,NULL,NULL,1552815267000,1552815267000
1097194,"111004                                                                                                                                                                                                                                                         ",2019-03-17 09:34:28.000,"Start     ","On        ","On        ",271,"Off       ",0,14.0500002,"On        ","Left      ",4,0,126,51.5999985,93.3799973,51.964901,126.1399994,"On        ","Right     ",4,0,NULL,NULL,1552815268000,1552815268000
1097195,"111004                                                                                                                                                                                                                                                         ",2019-03-17 09:34:29.000,"Start     ","On        ","On        ",271,"Off       ",0,15.3500004,"On        ","Left      ",4,0,126,51.7999992,93.3799973,51.7803001,126.1399994,"On        ","Right     ",4,0,NULL,NULL,1552815269000,1552815269000
1097196,"111004                                                                                                                                                                                                                                                         ",2019-03-17 09:34:30.000,"Start     ","On        ","On        ",271,"Off       ",0,14.1000004,"On        ","Left      ",4,0,126,51.7000008,93.3799973,51.8726006,126.1399994,"On        ","Right     ",4,0,NULL,NULL,1552815270000,1552815270000
1097197,"111004                                                                                                                                                                                                                                                         ",2019-03-17 09:34:31.000,"Start     ","On        ","On        ",271,"Off       ",0,13.1499996,"On        ","Left      ",4,0,126,51.5999985,93.3799973,51.6879997,126.1399994,"On        ","Right     ",4,0,NULL,NULL,1552815271000,1552815271000
1097198,"111004                                                                                                                                                                                                                                                         ",2019-03-17 09:34:32.000,"Start     ","On        ","On        ",271,"Off       ",0,14.1999998,"On        ","Left      ",4,0,126,51.5,93.3799973,51.8726006,126.3199997,"On        ","Right     ",4,0,NULL,NULL,1552815272000,1552815272000
1097199,"111004                                                                                                                                                                                                                                                         ",2019-03-17 09:34:33.000,"Start     ","On        ","On        ",271,"Off       ",0,14.3999996,"On        ","Left      ",4,0,126,51.5,93.3799973,51.8726006,126.5,"On        ","Right     ",4,0,NULL,NULL,1552815273000,1552815273000
1097200,"111004                                                                                                                                                                                                                                                         ",2019-03-17 09:34:34.000,"Start     ","On        ","On        ",270,"Off       ",0,14,"On        ","Left      ",4,0,126,51.2999992,93.1999969,51.8726006,126.5,"On        ","Right     ",4,0,NULL,NULL,1552815274000,1552815274000
1097201,"111004                                                                                                                                                                                                                                                         ",2019-03-17 09:34:35.000,"Start     ","On        ","On        ",270,"Off       ",0,13.5500002,"On        ","Left      ",4,0,126,51.2999992,93.1999969,51.8726006,126.5,"On        ","Right     ",4,0,NULL,NULL,1552815275000,1552815275000
1097202,"111004                                                                                                                                                                                                                                                         ",2019-03-17 09:34:36.000,"Start     ","On        ","On        ",270,"Off       ",0,13.6000004,"On        ","Left      ",4,0,126,51.2999992,93.3799973,51.6879997,126.6800003,"On        ","Right     ",4,0,NULL,NULL,1552815276000,1552815276000
1097203,"111004                                                                                                                                                                                                                                                         ",2019-03-17 09:34:37.000,"Start     ","On        ","On        ",270,"Off       ",0,13.8500004,"On        ","Left      ",4,0,126,51.4000015,93.3799973,51.5957031,126.5,"On        ","Right     ",4,0,NULL,NULL,1552815277000,1552815277000
1097204,"111004                                                                                                                                                                                                                                                         ",2019-03-17 09:34:38.000,"Start     ","On        ","On        ",270,"Off       ",0,14.3000002,"On        ","Left      ",4,0,126,51.4000015,93.1999969,51.5033989,126.6800003,"On        ","Right     ",4,0,NULL,NULL,1552815278000,1552815278000
1097205,"111004                                                                                                                                                                                                                                                         ",2019-03-17 09:34:39.000,"Start     ","On        ","On        ",270,"Off       ",0,14.1999998,"On        ","Left      ",4,0,126,51.2999992,93.3799973,51.6879997,126.6800003,"On        ","Right     ",4,0,NULL,NULL,1552815279000,1552815279000
1097206,"111004                                                                                                                                                                                                                                                         ",2019-03-17 09:34:40.000,"Start     ","On        ","On        ",270,"Off       ",0,13.4499998,"On        ","Left      ",4,0,126,51.2000008,93.3799973,51.6879997,126.6800003,"On        ","Right     ",4,0,NULL,NULL,1552815280000,1552815280000
1097207,"111004                                                                                                                                                                                                                                                         ",2019-03-17 09:34:41.000,"Start     ","On        ","On        ",270,"Off       ",0,14.4499998,"On        ","Left      ",4,0,126,51.2999992,93.3799973,51.5033989,126.6800003,"On        ","Right     ",4,0,NULL,NULL,1552815281000,1552815281000
1097208,"111004                                                                                                                                                                                                                                                         ",2019-03-17 09:34:42.000,"Start     ","On        ","On        ",270,"Off       ",0,13.8000002,"On        ","Left      ",4,0,126,51.2999992,93.3799973,51.5957031,126.8600006,"On        ","Right     ",4,0,NULL,NULL,1552815282000,1552815282000
1097209,"111004                                                                                                                                                                                                                                                         ",2019-03-17 09:34:43.000,"Start     ","On        ","On        ",270,"Off       ",0,15.8500004,"On        ","Left      ",4,0,126,51.2999992,93.3799973,51.4111023,126.8600006,"On        ","Right     ",4,0,NULL,NULL,1552815283000,1552815283000
1097210,"111004                                                                                                                                                                                                                                                         ",2019-03-17 09:34:44.000,"Start     ","On        ","On        ",270,"Off       ",0,16.5499992,"On        ","Left      ",4,0,126,51.2999992,93.3799973,51.134201,126.8600006,"On        ","Right     ",4,0,NULL,NULL,1552815284000,1552815284000
1097211,"111004                                                                                                                                                                                                                                                         ",2019-03-17 09:34:45.000,"Start     ","On        ","On        ",270,"Off       ",0,13.75,"On        ","Left      ",4,0,126,51.4000015,93.3799973,51.0419006,126.8600006,"On        ","Right     ",4,0,NULL,NULL,1552815285000,1552815285000
1097212,"111004                                                                                                                                                                                                                                                         ",2019-03-17 09:34:46.000,"Start     ","On        ","On        ",270,"Off       ",0,13.8999996,"On        ","Left      ",4,0,126,51.2999992,93.3799973,50.7649994,126.8600006,"On        ","Right     ",4,0,NULL,NULL,1552815286000,1552815286000
1097213,"111004                                                                                                                                                                                                                                                         ",2019-03-17 09:34:47.000,"Start     ","On        ","On        ",270,"Off       ",0,14.5,"On        ","Left      ",4,0,126,51.4000015,93.3799973,50.7649994,127.0400009,"On        ","Right     ",4,0,NULL,NULL,1552815287000,1552815287000
1097214,"111004                                                                                                                                                                                                                                                         ",2019-03-17 09:34:48.000,"Start     ","On        ","On        ",270,"Off       ",0,12.9499998,"On        ","Left      ",4,0,126,51.5,93.3799973,50.9496002,127.0400009,"On        ","Right     ",4,0,NULL,NULL,1552815288000,1552815288000
1097215,"111004                                                                                                                                                                                                                                                         ",2019-03-17 09:34:49.000,"Start     ","On        ","On        ",270,"Off       ",0,14.1999998,"On        ","Left      ",4,0,126,51.5,93.3799973,50.3035011,127.0400009,"On        ","Right     ",4,0,NULL,NULL,1552815289000,1552815289000
1097216,"111004                                                                                                                                                                                                                                                         ",2019-03-17 09:34:50.000,"Start     ","On        ","On        ",270,"Off       ",0,14.1999998,"Off       ","Middle    ",0,0,126,51.5,93.3799973,50.1189003,127.2200012,"On        ","Right     ",4,0,NULL,NULL,1552815290000,1552815290000
1097217,"111004                                                                                                                                                                                                                                                         ",2019-03-17 09:34:51.000,"Start     ","On        ","On        ",270,"Off       ",0,13.6499996,"Off       ","Middle    ",0,0,126,51.4000015,93.3799973,50.0265999,127.2200012,"On        ","Right     ",4,0,NULL,NULL,1552815291000,1552815291000
1097218,"111004                                                                                                                                                                                                                                                         ",2019-03-17 09:34:52.000,"Start     ","On        ","On        ",270,"Off       ",0,13.5,"Off       ","Middle    ",0,0,127,51.4000015,93.5599976,49.8419991,127.2200012,"On        ","Right     ",4,0,NULL,NULL,1552815292000,1552815292000
1097219,"111004                                                                                                                                                                                                                                                         ",2019-03-17 09:34:53.000,"Start     ","On        ","On        ",270,"Off       ",0,13,"Off       ","Middle    ",0,0,127,51.4000015,93.3799973,49.8419991,127.2200012,"On        ","Right     ",4,0,NULL,NULL,1552815293000,1552815293000
1097220,"111004                                                                                                                                                                                                                                                         ",2019-03-17 09:34:54.000,"Start     ","On        ","On        ",270,"Off       ",0,13.4499998,"Off       ","Middle    ",0,0,127,51.2999992,93.3799973,49.9342995,127.4000015,"On        ","Right     ",4,0,NULL,NULL,1552815294000,1552815294000
1097221,"111004                                                                                                                                                                                                                                                         ",2019-03-17 09:34:55.000,"Start     ","On        ","On        ",270,"Off       ",0,14.3500004,"Off       ","Middle    ",0,0,127,51.2999992,93.3799973,48.6421013,127.2200012,"On        ","Right     ",4,0,NULL,NULL,1552815295000,1552815295000
1097222,"111004                                                                                                                                                                                                                                                         ",2019-03-17 09:34:56.000,"Start     ","On        ","On        ",270,"Off       ",0,14.1499996,"On        ","Right     ",4,0,127,51.2999992,93.3799973,47.5345001,127.2200012,"On        ","Right     ",4,0,NULL,NULL,1552815296000,1552815296000
1097223,"111004                                                                                                                                                                                                                                                         ",2019-03-17 09:34:57.000,"Start     ","On        ","On        ",270,"Off       ",0,14.1000004,"On        ","Right     ",4,0,127,51.0999985,93.3799973,45.8731003,127.2200012,"On        ","Right     ",4,0,NULL,NULL,1552815297000,1552815297000
1097224,"111004                                                                                                                                                                                                                                                         ",2019-03-17 09:34:58.000,"Start     ","On        ","On        ",270,"Off       ",0,14.1000004,"On        ","Right     ",4,0,127,51.2000008,93.3799973,45.6884995,127.5799942,"On        ","Right     ",4,0,NULL,NULL,1552815298000,1552815298000
1097225,"111004                                                                                                                                                                                                                                                         ",2019-03-17 09:34:59.000,"Start     ","On        ","On        ",270,"Off       ",0,14.25,"On        ","Right     ",4,0,127,51.2000008,93.3799973,44.3962975,127.4000015,"On        ","Right     ",4,0,NULL,NULL,1552815299000,1552815299000
1097226,"111004                                                                                                                                                                                                                                                         ",2019-03-17 09:35:00.000,"Start     ","On        ","On        ",270,"Off       ",0,14.3999996,"On        ","Right     ",4,0,127,51.0999985,93.3799973,43.4732971,127.4000015,"On        ","Right     ",4,0,NULL,NULL,1552815300000,1552815300000
1097227,"111004                                                                                                                                                                                                                                                         ",2019-03-17 09:35:01.000,"Start     ","On        ","On        ",269,"Off       ",0,14.6999998,"On        ","Right     ",4,0,127,51,93.3799973,42.4580002,127.5799942,"On        ","Right     ",4,0,NULL,NULL,1552815301000,1552815301000
1097228,"111004                                                                                                                                                                                                                                                         ",2019-03-17 09:35:02.000,"Start     ","On        ","On        ",269,"Off       ",0,13.9499998,"On        ","Right     ",4,0,127,51,93.3799973,42.1810989,127.5799942,"On        ","Right     ",4,0,NULL,NULL,1552815302000,1552815302000
1097229,"111004                                                                                                                                                                                                                                                         ",2019-03-17 09:35:03.000,"Start     ","On        ","On        ",269,"Off       ",0,12.8999996,"On        ","Right     ",4,0,127,51,93.5599976,42.4580002,127.5799942,"On        ","Right     ",4,0,NULL,NULL,1552815303000,1552815303000
1097230,"111004                                                                                                                                                                                                                                                         ",2019-03-17 09:35:04.000,"Start     ","On        ","On        ",269,"Off       ",0,13.3000002,"On        ","Right     ",4,0,127,51,93.3799973,43.4732971,127.7600021,"On        ","Right     ",4,0,NULL,NULL,1552815304000,1552815304000
1097231,"111004                                                                                                                                                                                                                                                         ",2019-03-17 09:35:05.000,"Start     ","On        ","On        ",270,"Off       ",0,15.8999996,"On        ","Right     ",4,0,128,51,93.1999969,44.7654991,127.7600021,"On        ","Right     ",4,0,NULL,NULL,1552815305000,1552815305000
1097232,"111004                                                                                                                                                                                                                                                         ",2019-03-17 09:35:06.000,"Start     ","On        ","On        ",270,"Off       ",0,15.75,"On        ","Right     ",4,0,128,51,93.3799973,46.1500015,127.7600021,"On        ","Right     ",4,0,NULL,NULL,1552815306000,1552815306000
1097233,"111004                                                                                                                                                                                                                                                         ",2019-03-17 09:35:07.000,"Start     ","On        ","On        ",270,"Off       ",0,13.25,"On        ","Right     ",4,0,128,51,93.3799973,46.7961006,127.7600021,"On        ","Right     ",4,0,NULL,NULL,1552815307000,1552815307000
1097234,"111004                                                                                                                                                                                                                                                         ",2019-03-17 09:35:08.000,"Start     ","On        ","On        ",270,"Off       ",0,14.5500002,"On        ","Right     ",4,0,128,50.9000015,93.5599976,47.2575989,127.9400024,"On        ","Right     ",4,0,NULL,NULL,1552815308000,1552815308000
1097235,"111004                                                                                                                                                                                                                                                         ",2019-03-17 09:35:09.000,"Start     ","On        ","On        ",270,"Off       ",0,13.8000002,"On        ","Right     ",4,0,128,50.9000015,93.3799973,47.719101,127.9400024,"On        ","Right     ",4,0,NULL,NULL,1552815309000,1552815309000
1097236,"111004                                                                                                                                                                                                                                                         ",2019-03-17 09:35:10.000,"Start     ","On        ","On        ",271,"Off       ",0,13.1999998,"On        ","Right     ",4,0,128,51,93.3799973,47.9037018,127.9400024,"On        ","Right     ",4,0,NULL,NULL,1552815310000,1552815310000
1097237,"111004                                                                                                                                                                                                                                                         ",2019-03-17 09:35:11.000,"Start     ","On        ","On        ",271,"Off       ",0,14.6000004,"On        ","Right     ",4,0,128,51.2999992,93.5599976,47.8113976,127.9400024,"On        ","Right     ",4,0,NULL,NULL,1552815311000,1552815311000
1097238,"111004                                                                                                                                                                                                                                                         ",2019-03-17 09:35:12.000,"Start     ","On        ","On        ",272,"Off       ",0,13.8999996,"On        ","Right     ",4,0,128,51.2000008,93.3799973,47.9959984,128.3000031,"On        ","Right     ",4,0,NULL,NULL,1552815312000,1552815312000
1097239,"111004                                                                                                                                                                                                                                                         ",2019-03-17 09:35:13.000,"Start     ","On        ","On        ",272,"Off       ",0,13.25,"On        ","Right     ",4,0,128,51.0999985,93.3799973,48.0882988,128.1199951,"On        ","Right     ",4,0,NULL,NULL,1552815313000,1552815313000
1097240,"111004                                                                                                                                                                                                                                                         ",2019-03-17 09:35:14.000,"Start     ","On        ","On        ",272,"Off       ",0,13.3000002,"On        ","Right     ",4,0,128,51,93.5599976,47.9959984,128.1199951,"On        ","Right     ",4,0,NULL,NULL,1552815314000,1552815314000
1097241,"111004                                                                                                                                                                                                                                                         ",2019-03-17 09:35:15.000,"Start     ","On        ","On        ",272,"Off       ",0,13.875,"On        ","Right     ",4,0,128,51,93.3799973,48.2728996,128.1199951,"On        ","Right     ",4,0,NULL,NULL,1552815315000,1552815315000
1097242,"111004                                                                                                                                                                                                                                                         ",2019-03-17 09:35:16.000,"Start     ","On        ","On        ",272,"Off       ",0,13.875,"On        ","Right     ",4,0,128,51,93.3799973,48.1805992,128.4799957,"On        ","Right     ",4,0,NULL,NULL,1552815316000,1552815316000
1097243,"111004                                                                                                                                                                                                                                                         ",2019-03-17 09:35:17.000,"Start     ","On        ","On        ",272,"Off       ",0,14.25,"On        ","Right     ",4,0,128,51,93.3799973,48.1805992,128.4799957,"On        ","Right     ",4,0,NULL,NULL,1552815317000,1552815317000
1097244,"111004                                                                                                                                                                                                                                                         ",2019-03-17 09:35:18.000,"Start     ","On        ","On        ",273,"Off       ",0,14.75,"On        ","Right     ",4,0,127,51.0999985,93.3799973,47.9959984,128.3000031,"On        ","Right     ",4,0,NULL,NULL,1552815318000,1552815318000
1097245,"111004                                                                                                                                                                                                                                                         ",2019-03-17 09:35:19.000,"Start     ","On        ","On        ",273,"Off       ",0,13.5500002,"On        ","Right     ",4,0,127,51.2999992,93.5599976,47.8113976,128.4799957,"On        ","Right     ",4,0,NULL,NULL,1552815319000,1552815319000
1097246,"111004                                                                                                                                                                                                                                                         ",2019-03-17 09:35:20.000,"Start     ","On        ","On        ",273,"Off       ",0,14.3000002,"On        ","Right     ",4,0,127,51.4000015,93.3799973,47.6267967,128.3000031,"On        ","Right     ",4,0,NULL,NULL,1552815320000,1552815320000
1097247,"111004                                                                                                                                                                                                                                                         ",2019-03-17 09:35:21.000,"Start     ","On        ","On        ",273,"Off       ",0,14,"On        ","Right     ",4,0,127,51.4000015,93.3799973,47.5345001,128.4799957,"On        ","Right     ",4,0,NULL,NULL,1552815321000,1552815321000
1097248,"111004                                                                                                                                                                                                                                                         ",2019-03-17 09:35:22.000,"Start     ","On        ","On        ",273,"Off       ",0,14.1499996,"On        ","Right     ",4,0,127,51.2999992,93.3799973,47.4421997,128.4799957,"On        ","Right     ",4,0,NULL,NULL,1552815322000,1552815322000
1097249,"111004                                                                                                                                                                                                                                                         ",2019-03-17 09:35:23.000,"Start     ","On        ","On        ",273,"Off       ",0,12.5500002,"On        ","Right     ",4,0,127,51.2999992,93.5599976,47.5345001,128.6600037,"On        ","Right     ",4,0,NULL,NULL,1552815323000,1552815323000
1097250,"111004                                                                                                                                                                                                                                                         ",2019-03-17 09:35:24.000,"Start     ","On        ","On        ",274,"Off       ",0,12.5,"On        ","Right     ",4,0,127,51.4000015,93.5599976,47.5345001,128.6600037,"On        ","Right     ",4,0,NULL,NULL,1552815324000,1552815324000
1097251,"111004                                                                                                                                                                                                                                                         ",2019-03-17 09:35:25.000,"Start     ","On        ","On        ",274,"Off       ",0,13.75,"On        ","Right     ",4,0,127,51.7000008,93.5599976,47.2575989,128.6600037,"On        ","Right     ",4,0,NULL,NULL,1552815325000,1552815325000
1097252,"111004                                                                                                                                                                                                                                                         ",2019-03-17 09:35:26.000,"Start     ","On        ","On        ",274,"Off       ",0,13.9499998,"On        ","Right     ",4,0,127,51.7999992,93.5599976,46.9807014,128.6600037,"On        ","Right     ",4,0,NULL,NULL,1552815326000,1552815326000
1097253,"111004                                                                                                                                                                                                                                                         ",2019-03-17 09:35:27.000,"Start     ","On        ","On        ",274,"Off       ",0,14.3500004,"On        ","Right     ",4,0,127,51.7999992,93.5599976,46.5192032,128.6600037,"On        ","Right     ",4,0,NULL,NULL,1552815327000,1552815327000
1097254,"111004                                                                                                                                                                                                                                                         ",2019-03-17 09:35:28.000,"Start     ","On        ","On        ",275,"Off       ",0,13.5500002,"On        ","Right     ",4,0,127,51.7999992,93.5599976,46.2422981,128.8399963,"On        ","Right     ",4,0,NULL,NULL,1552815328000,1552815328000
1097255,"111004                                                                                                                                                                                                                                                         ",2019-03-17 09:35:29.000,"Start     ","On        ","On        ",275,"Off       ",0,13.5,"On        ","Right     ",4,0,127,51.9000015,93.5599976,46.2422981,128.8399963,"On        ","Right     ",4,0,NULL,NULL,1552815329000,1552815329000
1097256,"111004                                                                                                                                                                                                                                                         ",2019-03-17 09:35:30.000,"Start     ","On        ","On        ",275,"Off       ",0,13.6999998,"On        ","Right     ",4,0,127,51.9000015,93.3799973,46.2422981,128.8399963,"On        ","Right     ",4,0,NULL,NULL,1552815330000,1552815330000
1097257,"111004                                                                                                                                                                                                                                                         ",2019-03-17 09:35:31.000,"Start     ","On        ","On        ",275,"Off       ",0,15.4499998,"On        ","Right     ",4,0,127,51.9000015,93.3799973,46.2422981,128.8399963,"On        ","Right     ",4,0,NULL,NULL,1552815331000,1552815331000
1097258,"111004                                                                                                                                                                                                                                                         ",2019-03-17 09:35:32.000,"Start     ","On        ","On        ",275,"Off       ",0,14.3999996,"On        ","Right     ",4,0,127,52.0999985,93.3799973,46.2422981,128.8399963,"On        ","Right     ",4,0,NULL,NULL,1552815332000,1552815332000
1097259,"111004                                                                                                                                                                                                                                                         ",2019-03-17 09:35:33.000,"Start     ","On        ","On        ",275,"Off       ",0,12.6499996,"On        ","Right     ",4,0,127,52,93.5599976,46.426899,128.8399963,"On        ","Right     ",4,0,NULL,NULL,1552815333000,1552815333000
1097260,"111004                                                                                                                                                                                                                                                         ",2019-03-17 09:35:34.000,"Start     ","On        ","On        ",275,"Off       ",0,13.1000004,"On        ","Right     ",4,0,127,52.2000008,93.5599976,46.7038002,128.8399963,"On        ","Right     ",4,0,NULL,NULL,1552815334000,1552815334000
1097261,"111004                                                                                                                                                                                                                                                         ",2019-03-17 09:35:35.000,"Start     ","On        ","On        ",274,"Off       ",0,14.3000002,"On        ","Right     ",4,0,127,52,93.3799973,46.7961006,129.0200043,"On        ","Right     ",4,0,NULL,NULL,1552815335000,1552815335000
1097262,"111004                                                                                                                                                                                                                                                         ",2019-03-17 09:35:36.000,"Start     ","On        ","On        ",275,"Off       ",0,14.0500002,"Off       ","Middle    ",0,0,127,52.0999985,93.5599976,46.888401,129.0200043,"On        ","Right     ",4,0,NULL,NULL,1552815336000,1552815336000
1097263,"111004                                                                                                                                                                                                                                                         ",2019-03-17 09:35:37.000,"Start     ","On        ","On        ",275,"Off       ",0,13.5500002,"Off       ","Middle    ",0,0,127,52.2000008,93.3799973,46.9807014,129.0200043,"On        ","Right     ",4,0,NULL,NULL,1552815337000,1552815337000
1097264,"111004                                                                                                                                                                                                                                                         ",2019-03-17 09:35:38.000,"Start     ","On        ","On        ",275,"Off       ",0,13.6499996,"Off       ","Middle    ",0,0,127,52.0999985,93.5599976,46.7961006,129.0200043,"On        ","Right     ",4,0,NULL,NULL,1552815338000,1552815338000
1097265,"111004                                                                                                                                                                                                                                                         ",2019-03-17 09:35:39.000,"Start     ","On        ","On        ",275,"Off       ",0,14.3000002,"Off       ","Middle    ",0,0,127,52.0999985,93.5599976,46.888401,129.1999969,"On        ","Right     ",4,0,NULL,NULL,1552815339000,1552815339000
1097266,"111004                                                                                                                                                                                                                                                         ",2019-03-17 09:35:40.000,"Start     ","On        ","On        ",275,"Off       ",0,14.1499996,"Off       ","Middle    ",0,0,127,52,93.7399979,46.7038002,129.1999969,"On        ","Right     ",4,0,NULL,NULL,1552815340000,1552815340000
1097267,"111004                                                                                                                                                                                                                                                         ",2019-03-17 09:35:41.000,"Start     ","On        ","On        ",275,"Off       ",0,14.1499996,"Off       ","Middle    ",0,0,127,52.0999985,93.5599976,45.5038986,129.1999969,"On        ","Right     ",4,0,NULL,NULL,1552815341000,1552815341000
1097268,"111004                                                                                                                                                                                                                                                         ",2019-03-17 09:35:42.000,"Start     ","On        ","On        ",275,"Off       ",0,13.8999996,"On        ","Left      ",4,0,127,52.0999985,93.5599976,44.9500999,129.1999969,"On        ","Right     ",4,0,NULL,NULL,1552815342000,1552815342000
1097269,"111004                                                                                                                                                                                                                                                         ",2019-03-17 09:35:43.000,"Start     ","On        ","On        ",275,"Off       ",0,13.9499998,"On        ","Left      ",4,0,127,51.9000015,93.5599976,43.1963997,129.1999969,"On        ","Right     ",4,0,NULL,NULL,1552815343000,1552815343000
1097270,"111004                                                                                                                                                                                                                                                         ",2019-03-17 09:35:44.000,"Start     ","On        ","On        ",276,"Off       ",0,13.9499998,"On        ","Left      ",4,0,127,51.7999992,93.5599976,40.4273987,129.1999969,"On        ","Right     ",4,0,NULL,NULL,1552815344000,1552815344000
1097271,"111004                                                                                                                                                                                                                                                         ",2019-03-17 09:35:45.000,"Start     ","On        ","On        ",276,"Off       ",0,14.1499996,"On        ","Left      ",4,0,127,51.9000015,93.5599976,39.5043983,129.1999969,"On        ","Right     ",4,0,NULL,NULL,1552815345000,1552815345000
1097272,"111004                                                                                                                                                                                                                                                         ",2019-03-17 09:35:46.000,"Start     ","On        ","On        ",276,"Off       ",0,14.9499998,"On        ","Left      ",4,0,128,51.5999985,93.5599976,38.7659988,129.3800049,"On        ","Right     ",4,0,NULL,NULL,1552815346000,1552815346000
1097273,"111004                                                                                                                                                                                                                                                         ",2019-03-17 09:35:47.000,"Start     ","On        ","On        ",276,"Off       ",0,13.4499998,"On        ","Left      ",4,0,128,51.5999985,93.5599976,38.0275993,129.3800049,"On        ","Right     ",4,0,NULL,NULL,1552815347000,1552815347000
1097274,"111004                                                                                                                                                                                                                                                         ",2019-03-17 09:35:48.000,"Start     ","On        ","On        ",274,"Off       ",0,15.8999996,"On        ","Left      ",4,0,128,51.2999992,93.5599976,38.1198997,129.3800049,"On        ","Right     ",4,0,NULL,NULL,1552815348000,1552815348000
1097275,"111004                                                                                                                                                                                                                                                         ",2019-03-17 09:35:49.000,"Start     ","On        ","On        ",274,"Off       ",0,14.75,"On        ","Left      ",4,0,128,51.0999985,93.7399979,38.8582993,129.3800049,"On        ","Right     ",4,0,NULL,NULL,1552815349000,1552815349000
1097276,"111004                                                                                                                                                                                                                                                         ",2019-03-17 09:35:50.000,"Start     ","On        ","On        ",275,"Off       ",0,14.6999998,"On        ","Left      ",4,0,129,51,93.5599976,40.5197029,129.7400055,"On        ","Right     ",4,0,NULL,NULL,1552815350000,1552815350000
1097277,"111004                                                                                                                                                                                                                                                         ",2019-03-17 09:35:51.000,"Start     ","On        ","On        ",275,"Off       ",0,14.1000004,"On        ","Left      ",4,0,129,51,93.7399979,42.0887985,129.3800049,"On        ","Right     ",4,0,NULL,NULL,1552815351000,1552815351000
1097278,"111004                                                                                                                                                                                                                                                         ",2019-03-17 09:35:52.000,"Start     ","On        ","On        ",275,"Off       ",0,13.8000002,"On        ","Left      ",4,0,129,50.9000015,93.5599976,43.1040993,129.5599976,"On        ","Right     ",4,0,NULL,NULL,1552815352000,1552815352000
1097279,"111004                                                                                                                                                                                                                                                         ",2019-03-17 09:35:53.000,"Start     ","On        ","On        ",275,"Off       ",0,14.0500002,"On        ","Left      ",4,0,129,50.9000015,93.7399979,43.9347992,129.5599976,"On        ","Right     ",4,0,NULL,NULL,1552815353000,1552815353000
1097280,"111004                                                                                                                                                                                                                                                         ",2019-03-17 09:35:54.000,"Start     ","On        ","On        ",274,"Off       ",0,14.1499996,"On        ","Left      ",4,0,130,50.7999992,93.7399979,44.7654991,129.5599976,"On        ","Right     ",4,0,NULL,NULL,1552815354000,1552815354000
1097281,"111004                                                                                                                                                                                                                                                         ",2019-03-17 09:35:55.000,"Start     ","On        ","On        ",274,"Off       ",0,13,"On        ","Left      ",4,0,130,50.9000015,93.5599976,45.411602,129.7400055,"On        ","Right     ",4,0,NULL,NULL,1552815355000,1552815355000
1097282,"111004                                                                                                                                                                                                                                                         ",2019-03-17 09:35:56.000,"Start     ","On        ","On        ",274,"Off       ",0,14.0500002,"On        ","Left      ",4,0,130,50.7999992,93.7399979,45.8731003,129.7400055,"On        ","Right     ",4,0,NULL,NULL,1552815356000,1552815356000
1097283,"111004                                                                                                                                                                                                                                                         ",2019-03-17 09:35:57.000,"Start     ","On        ","On        ",274,"Off       ",0,13.8000002,"On        ","Left      ",4,0,130,50.7999992,93.7399979,45.7807999,129.5599976,"On        ","Right     ",4,0,NULL,NULL,1552815357000,1552815357000
1097284,"111004                                                                                                                                                                                                                                                         ",2019-03-17 09:35:58.000,"Start     ","On        ","On        ",274,"Off       ",0,13.0500002,"On        ","Left      ",4,0,130,50.7999992,93.7399979,45.5962029,129.9199982,"On        ","Right     ",4,0,NULL,NULL,1552815358000,1552815358000
1097285,"111004                                                                                                                                                                                                                                                         ",2019-03-17 09:35:59.000,"Start     ","On        ","On        ",274,"Off       ",0,13.3999996,"On        ","Left      ",4,0,130,50.7000008,93.7399979,45.5038986,129.9199982,"On        ","Right     ",4,0,NULL,NULL,1552815359000,1552815359000
1097286,"111004                                                                                                                                                                                                                                                         ",2019-03-17 09:36:00.000,"Start     ","On        ","On        ",274,"Off       ",0,13.6499996,"On        ","Left      ",4,0,130,50.5999985,93.7399979,45.5038986,129.7400055,"On        ","Right     ",4,0,NULL,NULL,1552815360000,1552815360000
1097287,"111004                                                                                                                                                                                                                                                         ",2019-03-17 09:36:01.000,"Start     ","On        ","On        ",274,"Off       ",0,13.8000002,"On        ","Left      ",4,0,130,50.5,93.7399979,45.5038986,130.1000061,"On        ","Right     ",4,0,NULL,NULL,1552815361000,1552815361000
1097288,"111004                                                                                                                                                                                                                                                         ",2019-03-17 09:36:02.000,"Start     ","On        ","On        ",274,"Off       ",0,13.3000002,"On        ","Left      ",4,0,130,50.5,93.7399979,45.411602,130.1000061,"On        ","Right     ",4,0,NULL,NULL,1552815362000,1552815362000
1097289,"111004                                                                                                                                                                                                                                                         ",2019-03-17 09:36:03.000,"Start     ","On        ","On        ",274,"Off       ",0,13.6999998,"On        ","Left      ",4,0,130,50.4000015,93.7399979,45.3192978,130.1000061,"On        ","Right     ",4,0,NULL,NULL,1552815363000,1552815363000
1097290,"111004                                                                                                                                                                                                                                                         ",2019-03-17 09:36:04.000,"Start     ","On        ","On        ",274,"Off       ",0,14.3000002,"On        ","Left      ",4,0,130,50.5,93.7399979,45.1347008,130.1000061,"On        ","Right     ",4,0,NULL,NULL,1552815364000,1552815364000
1097291,"111004                                                                                                                                                                                                                                                         ",2019-03-17 09:36:05.000,"Start     ","On        ","On        ",274,"Off       ",0,13.6999998,"On        ","Left      ",4,0,130,50.5,93.7399979,45.0424004,130.1000061,"On        ","Right     ",4,0,NULL,NULL,1552815365000,1552815365000
1097292,"111004                                                                                                                                                                                                                                                         ",2019-03-17 09:36:06.000,"Start     ","On        ","On        ",274,"Off       ",0,13.6000004,"On        ","Left      ",4,0,130,50.4000015,93.7399979,45.3192978,130.2799988,"On        ","Right     ",4,0,NULL,NULL,1552815366000,1552815366000
1097293,"111004                                                                                                                                                                                                                                                         ",2019-03-17 09:36:07.000,"Start     ","On        ","On        ",274,"Off       ",0,13.3999996,"On        ","Left      ",4,0,130,50.4000015,93.7399979,45.411602,130.4600067,"On        ","Right     ",4,0,NULL,NULL,1552815367000,1552815367000
1097294,"111004                                                                                                                                                                                                                                                         ",2019-03-17 09:36:08.000,"Start     ","On        ","On        ",274,"Off       ",0,13.9499998,"On        ","Left      ",4,0,130,50.5,93.9200058,45.5038986,130.2799988,"On        ","Right     ",4,0,NULL,NULL,1552815368000,1552815368000
1097295,"111004                                                                                                                                                                                                                                                         ",2019-03-17 09:36:09.000,"Start     ","On        ","On        ",274,"Off       ",0,13.5,"On        ","Left      ",4,0,130,50.5999985,93.9200058,45.5038986,130.4600067,"On        ","Right     ",4,0,NULL,NULL,1552815369000,1552815369000
1097296,"111004                                                                                                                                                                                                                                                         ",2019-03-17 09:36:10.000,"Start     ","On        ","On        ",274,"Off       ",0,14.0500002,"On        ","Left      ",4,0,130,50.5999985,93.9200058,45.411602,130.2799988,"On        ","Right     ",4,0,NULL,NULL,1552815370000,1552815370000
1097297,"111004                                                                                                                                                                                                                                                         ",2019-03-17 09:36:11.000,"Start     ","On        ","On        ",274,"Off       ",0,14.0500002,"On        ","Left      ",4,0,130,50.5999985,93.7399979,45.411602,130.6399994,"On        ","Right     ",4,0,NULL,NULL,1552815371000,1552815371000
1097298,"111004                                                                                                                                                                                                                                                         ",2019-03-17 09:36:12.000,"Start     ","On        ","On        ",273,"Off       ",0,15.3000002,"On        ","Left      ",4,0,130,50.5,93.7399979,45.5962029,130.4600067,"On        ","Right     ",4,0,NULL,NULL,1552815372000,1552815372000
1097299,"111004                                                                                                                                                                                                                                                         ",2019-03-17 09:36:13.000,"Start     ","On        ","On        ",273,"Off       ",0,13.1000004,"On        ","Left      ",4,0,130,50.5999985,93.9200058,45.411602,130.6399994,"On        ","Right     ",4,0,NULL,NULL,1552815373000,1552815373000
1097300,"111004                                                                                                                                                                                                                                                         ",2019-03-17 09:36:14.000,"Start     ","On        ","On        ",273,"Off       ",0,13.3999996,"On        ","Left      ",4,0,130,50.5,93.7399979,45.5038986,130.6399994,"On        ","Right     ",4,0,NULL,NULL,1552815374000,1552815374000
1097301,"111004                                                                                                                                                                                                                                                         ",2019-03-17 09:36:15.000,"Start     ","On        ","On        ",273,"Off       ",0,14.25,"On        ","Left      ",4,0,130,50.5999985,93.9200058,45.411602,130.4600067,"On        ","Right     ",4,0,NULL,NULL,1552815375000,1552815375000
1097302,"111004                                                                                                                                                                                                                                                         ",2019-03-17 09:36:16.000,"Start     ","On        ","On        ",273,"Off       ",0,12.8500004,"On        ","Left      ",4,0,130,50.5999985,93.9200058,45.2270012,130.4600067,"On        ","Right     ",4,0,NULL,NULL,1552815376000,1552815376000
1097303,"111004                                                                                                                                                                                                                                                         ",2019-03-17 09:36:17.000,"Start     ","On        ","On        ",273,"Off       ",0,14.8500004,"On        ","Left      ",4,0,130,50.7000008,93.9200058,45.2270012,130.8200073,"On        ","Right     ",4,0,NULL,NULL,1552815377000,1552815377000
1097304,"111004                                                                                                                                                                                                                                                         ",2019-03-17 09:36:18.000,"Start     ","On        ","On        ",274,"Off       ",0,14.1499996,"On        ","Left      ",4,0,130,50.7999992,93.9200058,45.1347008,130.6399994,"On        ","Right     ",4,0,NULL,NULL,1552815378000,1552815378000
1097305,"111004                                                                                                                                                                                                                                                         ",2019-03-17 09:36:19.000,"Start     ","On        ","On        ",274,"Off       ",0,13.6000004,"On        ","Left      ",4,0,130,51,93.9200058,45.0424004,130.8200073,"On        ","Right     ",4,0,NULL,NULL,1552815379000,1552815379000
1097306,"111004                                                                                                                                                                                                                                                         ",2019-03-17 09:36:20.000,"Start     ","On        ","On        ",273,"Off       ",0,13.25,"On        ","Left      ",4,0,130,51,93.9200058,44.9500999,130.8200073,"On        ","Right     ",4,0,NULL,NULL,1552815380000,1552815380000
1097307,"111004                                                                                                                                                                                                                                                         ",2019-03-17 09:36:21.000,"Start     ","On        ","On        ",273,"Off       ",0,13.5500002,"On        ","Left      ",4,0,130,51.0999985,93.7399979,44.9500999,130.8200073,"On        ","Right     ",4,0,NULL,NULL,1552815381000,1552815381000
1097308,"111004                                                                                                                                                                                                                                                         ",2019-03-17 09:36:22.000,"Start     ","On        ","On        ",273,"Off       ",0,14.6499996,"On        ","Left      ",4,0,130,51.0999985,93.9200058,45.0424004,130.8200073,"On        ","Right     ",4,0,NULL,NULL,1552815382000,1552815382000
1097309,"111004                                                                                                                                                                                                                                                         ",2019-03-17 09:36:23.000,"Start     ","On        ","On        ",273,"Off       ",0,15.4499998,"On        ","Left      ",4,0,130,51,93.9200058,44.9500999,130.8200073,"On        ","Right     ",4,0,NULL,NULL,1552815383000,1552815383000
1097310,"111004                                                                                                                                                                                                                                                         ",2019-03-17 09:36:24.000,"Start     ","On        ","On        ",273,"Off       ",0,12.8999996,"On        ","Left      ",4,0,130,51,93.9200058,45.2270012,131,"On        ","Right     ",4,0,NULL,NULL,1552815384000,1552815384000
1097311,"111004                                                                                                                                                                                                                                                         ",2019-03-17 09:36:25.000,"Start     ","On        ","On        ",273,"Off       ",0,14.3000002,"Off       ","Middle    ",0,0,130,51,93.9200058,45.1347008,131,"On        ","Right     ",4,0,NULL,NULL,1552815385000,1552815385000
1097312,"111004                                                                                                                                                                                                                                                         ",2019-03-17 09:36:26.000,"Start     ","On        ","On        ",273,"Off       ",0,14.6000004,"Off       ","Middle    ",0,0,130,51,93.9200058,44.9500999,131,"On        ","Right     ",4,0,NULL,NULL,1552815386000,1552815386000
1097313,"111004                                                                                                                                                                                                                                                         ",2019-03-17 09:36:27.000,"Start     ","On        ","On        ",273,"Off       ",0,15.0500002,"Off       ","Middle    ",0,0,130,51,93.9200058,45.0424004,131,"On        ","Right     ",4,0,NULL,NULL,1552815387000,1552815387000
1097314,"111004                                                                                                                                                                                                                                                         ",2019-03-17 09:36:28.000,"Start     ","On        ","On        ",273,"Off       ",0,13.9499998,"Off       ","Middle    ",0,0,130,51,93.9200058,45.2270012,131.1799927,"On        ","Right     ",4,0,NULL,NULL,1552815388000,1552815388000
1097315,"111004                                                                                                                                                                                                                                                         ",2019-03-17 09:36:29.000,"Start     ","On        ","On        ",273,"Off       ",0,13.8999996,"Off       ","Middle    ",0,0,130,51,93.9200058,45.2270012,131,"On        ","Right     ",4,0,NULL,NULL,1552815389000,1552815389000
1097316,"111004                                                                                                                                                                                                                                                         ",2019-03-17 09:36:30.000,"Start     ","On        ","On        ",273,"Off       ",0,13.6499996,"Off       ","Middle    ",0,0,130,51.2000008,93.9200058,44.5808983,131.1799927,"On        ","Right     ",4,0,NULL,NULL,1552815390000,1552815390000
1097317,"111004                                                                                                                                                                                                                                                         ",2019-03-17 09:36:31.000,"Start     ","On        ","On        ",273,"Off       ",0,13.9499998,"On        ","Right     ",4,0,130,51.2000008,93.9200058,43.1963997,131.1799927,"On        ","Right     ",4,0,NULL,NULL,1552815391000,1552815391000
1097318,"111004                                                                                                                                                                                                                                                         ",2019-03-17 09:36:32.000,"Start     ","On        ","On        ",273,"Off       ",0,13.8500004,"On        ","Right     ",4,0,130,51.2999992,93.9200058,41.8119011,131.1799927,"On        ","Right     ",4,0,NULL,NULL,1552815392000,1552815392000
1097319,"111004                                                                                                                                                                                                                                                         ",2019-03-17 09:36:33.000,"Start     ","On        ","On        ",273,"Off       ",0,13.8000002,"On        ","Right     ",4,0,130,51.2999992,93.9200058,40.7042999,131.1799927,"On        ","Right     ",4,0,NULL,NULL,1552815393000,1552815393000
1097320,"111004                                                                                                                                                                                                                                                         ",2019-03-17 09:36:34.000,"Start     ","On        ","On        ",273,"Off       ",0,13.9499998,"On        ","Right     ",4,0,130,51.2999992,93.9200058,39.5043983,131.1799927,"On        ","Right     ",4,0,NULL,NULL,1552815394000,1552815394000
1097321,"111004                                                                                                                                                                                                                                                         ",2019-03-17 09:36:35.000,"Start     ","On        ","On        ",273,"Off       ",0,13.75,"On        ","Right     ",4,0,130,51.4000015,93.9200058,38.6737022,131.1799927,"On        ","Right     ",4,0,NULL,NULL,1552815395000,1552815395000
1097322,"111004                                                                                                                                                                                                                                                         ",2019-03-17 09:36:36.000,"Start     ","On        ","On        ",274,"Off       ",0,14.6999998,"On        ","Right     ",4,0,130,51.2000008,93.9200058,37.6583977,131.1799927,"On        ","Right     ",4,0,NULL,NULL,1552815396000,1552815396000
1097323,"111004                                                                                                                                                                                                                                                         ",2019-03-17 09:36:37.000,"Start     ","On        ","On        ",274,"Off       ",0,13.8999996,"On        ","Right     ",4,0,130,51,93.9200058,37.5661011,131.1799927,"On        ","Right     ",4,0,NULL,NULL,1552815397000,1552815397000
1097324,"111004                                                                                                                                                                                                                                                         ",2019-03-17 09:36:38.000,"Start     ","On        ","On        ",274,"Off       ",0,13.8999996,"On        ","Right     ",4,0,130,51,93.9200058,38.4891014,131.3600006,"On        ","Right     ",4,0,NULL,NULL,1552815398000,1552815398000
1097325,"111004                                                                                                                                                                                                                                                         ",2019-03-17 09:36:39.000,"Start     ","On        ","On        ",274,"Off       ",0,13.8999996,"On        ","Right     ",4,0,130,51,93.9200058,39.4121017,131.3600006,"On        ","Right     ",4,0,NULL,NULL,1552815399000,1552815399000
1097326,"111004                                                                                                                                                                                                                                                         ",2019-03-17 09:36:40.000,"Start     ","On        ","On        ",274,"Off       ",0,12.4499998,"On        ","Right     ",4,0,130,51.0999985,94.0999985,40.2427979,131.3600006,"On        ","Right     ",4,0,NULL,NULL,1552815400000,1552815400000
1097327,"111004                                                                                                                                                                                                                                                         ",2019-03-17 09:36:41.000,"Start     ","On        ","On        ",274,"Off       ",0,13.5500002,"On        ","Right     ",4,0,130,51.2000008,94.0999985,41.1657982,131.3600006,"On        ","Right     ",4,0,NULL,NULL,1552815401000,1552815401000
1097328,"111004                                                                                                                                                                                                                                                         ",2019-03-17 09:36:42.000,"Start     ","On        ","On        ",275,"Off       ",0,13.6999998,"On        ","Right     ",4,0,131,51.2000008,94.0999985,41.7196007,131.3600006,"On        ","Right     ",4,0,NULL,NULL,1552815402000,1552815402000
1097329,"111004                                                                                                                                                                                                                                                         ",2019-03-17 09:36:43.000,"Start     ","On        ","On        ",275,"Off       ",0,14.6000004,"On        ","Right     ",4,0,131,51.2000008,93.9200058,42.1810989,131.3600006,"On        ","Right     ",4,0,NULL,NULL,1552815403000,1552815403000
1097330,"111004                                                                                                                                                                                                                                                         ",2019-03-17 09:36:44.000,"Start     ","On        ","On        ",275,"Off       ",0,13.1999998,"On        ","Right     ",4,0,131,51.2000008,94.0999985,42.7348976,131.7200012,"On        ","Right     ",4,0,NULL,NULL,1552815404000,1552815404000
1097331,"111004                                                                                                                                                                                                                                                         ",2019-03-17 09:36:45.000,"Start     ","On        ","On        ",275,"Off       ",0,13.1999998,"On        ","Right     ",4,0,131,51,93.9200058,42.8272018,131.5399933,"On        ","Right     ",4,0,NULL,NULL,1552815405000,1552815405000
1097332,"111004                                                                                                                                                                                                                                                         ",2019-03-17 09:36:46.000,"Start     ","On        ","On        ",276,"Off       ",0,13.6000004,"On        ","Right     ",4,0,131,51,94.0999985,42.9194984,131.5399933,"On        ","Right     ",4,0,NULL,NULL,1552815406000,1552815406000
1097333,"111004                                                                                                                                                                                                                                                         ",2019-03-17 09:36:47.000,"Start     ","On        ","On        ",276,"Off       ",0,14.6999998,"On        ","Right     ",4,0,131,51,94.0999985,43.0117989,131.7200012,"On        ","Right     ",4,0,NULL,NULL,1552815407000,1552815407000
1097334,"111004                                                                                                                                                                                                                                                         ",2019-03-17 09:36:48.000,"Start     ","On        ","On        ",276,"Off       ",0,13.5,"On        ","Right     ",4,0,130,51,94.0999985,42.8272018,131.7200012,"On        ","Right     ",4,0,NULL,NULL,1552815408000,1552815408000
1097335,"111004                                                                                                                                                                                                                                                         ",2019-03-17 09:36:49.000,"Start     ","On        ","On        ",276,"Off       ",0,13.3999996,"On        ","Right     ",4,0,130,51,94.0999985,42.8272018,131.8999939,"On        ","Right     ",4,0,NULL,NULL,1552815409000,1552815409000
1097336,"111004                                                                                                                                                                                                                                                         ",2019-03-17 09:36:50.000,"Start     ","On        ","On        ",277,"Off       ",0,12.9499998,"On        ","Right     ",4,0,130,50.9000015,93.9200058,43.0117989,131.8999939,"On        ","Right     ",4,0,NULL,NULL,1552815410000,1552815410000
1097337,"111004                                                                                                                                                                                                                                                         ",2019-03-17 09:36:51.000,"Start     ","On        ","On        ",277,"Off       ",0,13.25,"On        ","Right     ",4,0,130,50.7999992,94.0999985,42.8272018,131.8999939,"On        ","Right     ",4,0,NULL,NULL,1552815411000,1552815411000
1097338,"111004                                                                                                                                                                                                                                                         ",2019-03-17 09:36:52.000,"Start     ","On        ","On        ",277,"Off       ",0,13.6999998,"On        ","Right     ",4,0,130,50.7000008,94.0999985,42.9194984,131.8999939,"On        ","Right     ",4,0,NULL,NULL,1552815412000,1552815412000
1097339,"111004                                                                                                                                                                                                                                                         ",2019-03-17 09:36:53.000,"Start     ","On        ","On        ",277,"Off       ",0,13.8000002,"On        ","Right     ",4,0,130,50.9000015,94.0999985,42.642601,131.8999939,"On        ","Right     ",4,0,NULL,NULL,1552815413000,1552815413000
1097340,"111004                                                                                                                                                                                                                                                         ",2019-03-17 09:36:54.000,"Start     ","On        ","On        ",278,"Off       ",0,13.5,"On        ","Right     ",4,0,130,50.7999992,94.0999985,42.7348976,132.0800018,"On        ","Right     ",4,0,NULL,NULL,1552815414000,1552815414000
1097341,"111004                                                                                                                                                                                                                                                         ",2019-03-17 09:36:55.000,"Start     ","On        ","On        ",278,"Off       ",0,13.6999998,"On        ","Right     ",4,0,130,50.5999985,94.0999985,42.7348976,132.0800018,"On        ","Right     ",4,0,NULL,NULL,1552815415000,1552815415000
1097342,"111004                                                                                                                                                                                                                                                         ",2019-03-17 09:36:56.000,"Start     ","On        ","On        ",277,"Off       ",0,13.75,"On        ","Right     ",4,0,130,50.9000015,94.0999985,42.642601,132.0800018,"On        ","Right     ",4,0,NULL,NULL,1552815416000,1552815416000
1097343,"111004                                                                                                                                                                                                                                                         ",2019-03-17 09:36:57.000,"Start     ","On        ","On        ",277,"Off       ",0,14.5,"On        ","Right     ",4,0,130,50.9000015,94.0999985,42.642601,132.0800018,"On        ","Right     ",4,0,NULL,NULL,1552815417000,1552815417000
1097344,"111004                                                                                                                                                                                                                                                         ",2019-03-17 09:36:58.000,"Start     ","On        ","On        ",278,"Off       ",0,12.0500002,"On        ","Right     ",4,0,130,50.7000008,94.2799988,42.8272018,132.0800018,"On        ","Right     ",4,0,NULL,NULL,1552815418000,1552815418000
1097345,"111004                                                                                                                                                                                                                                                         ",2019-03-17 09:36:59.000,"Start     ","On        ","On        ",278,"Off       ",0,14.4499998,"On        ","Right     ",4,0,130,50.7999992,94.0999985,42.7348976,132.2599945,"On        ","Right     ",4,0,NULL,NULL,1552815419000,1552815419000
1097346,"111004                                                                                                                                                                                                                                                         ",2019-03-17 09:37:00.000,"Start     ","On        ","On        ",278,"Off       ",0,14.4499998,"On        ","Right     ",4,0,130,50.7000008,94.0999985,42.7348976,132.2599945,"On        ","Right     ",4,0,NULL,NULL,1552815420000,1552815420000
1097347,"111004                                                                                                                                                                                                                                                         ",2019-03-17 09:37:01.000,"Start     ","On        ","On        ",279,"Off       ",0,13.0500002,"On        ","Right     ",4,0,130,50.7000008,93.9200058,42.5502968,132.2599945,"On        ","Right     ",4,0,NULL,NULL,1552815421000,1552815421000
1097348,"111004                                                                                                                                                                                                                                                         ",2019-03-17 09:37:02.000,"Start     ","On        ","On        ",279,"Off       ",0,14.0500002,"On        ","Right     ",4,0,130,50.7000008,94.0999985,42.4580002,132.2599945,"On        ","Right     ",4,0,NULL,NULL,1552815422000,1552815422000
1097349,"111004                                                                                                                                                                                                                                                         ",2019-03-17 09:37:03.000,"Start     ","On        ","On        ",280,"Off       ",0,13.3999996,"On        ","Right     ",4,0,130,50.5999985,94.0999985,42.0887985,132.2599945,"On        ","Right     ",4,0,NULL,NULL,1552815423000,1552815423000
1097350,"111004                                                                                                                                                                                                                                                         ",2019-03-17 09:37:04.000,"Start     ","On        ","On        ",280,"Off       ",0,13.3999996,"On        ","Right     ",4,0,130,50.5,94.2799988,41.9042015,132.4400024,"On        ","Right     ",4,0,NULL,NULL,1552815424000,1552815424000
1097351,"111004                                                                                                                                                                                                                                                         ",2019-03-17 09:37:05.000,"Start     ","On        ","On        ",280,"Off       ",0,16,"On        ","Right     ",4,0,130,50.7000008,94.0999985,41.9042015,132.2599945,"On        ","Right     ",4,0,NULL,NULL,1552815425000,1552815425000
1097352,"111004                                                                                                                                                                                                                                                         ",2019-03-17 09:37:06.000,"Start     ","On        ","On        ",280,"Off       ",0,16,"On        ","Right     ",4,0,130,50.7000008,94.0999985,41.9964981,132.2599945,"On        ","Right     ",4,0,NULL,NULL,1552815426000,1552815426000
1097353,"111004                                                                                                                                                                                                                                                         ",2019-03-17 09:37:07.000,"Start     ","On        ","On        ",280,"Off       ",0,13.75,"On        ","Right     ",4,0,130,50.7000008,94.2799988,41.9042015,132.2599945,"On        ","Right     ",4,0,NULL,NULL,1552815427000,1552815427000
1097354,"111004                                                                                                                                                                                                                                                         ",2019-03-17 09:37:08.000,"Start     ","On        ","On        ",280,"Off       ",0,13.8500004,"On        ","Right     ",4,0,130,50.5,94.2799988,42.0887985,132.4400024,"On        ","Right     ",4,0,NULL,NULL,1552815428000,1552815428000
1097355,"111004                                                                                                                                                                                                                                                         ",2019-03-17 09:37:09.000,"Start     ","On        ","On        ",280,"Off       ",0,14.75,"On        ","Right     ",4,0,130,50.5999985,94.2799988,42.0887985,132.6199951,"On        ","Right     ",4,0,NULL,NULL,1552815429000,1552815429000
1097356,"111004                                                                                                                                                                                                                                                         ",2019-03-17 09:37:10.000,"Start     ","On        ","On        ",280,"Off       ",0,14.0500002,"On        ","Right     ",4,0,130,50.5,94.2799988,42.0887985,132.6199951,"On        ","Right     ",4,0,NULL,NULL,1552815430000,1552815430000
1097357,"111004                                                                                                                                                                                                                                                         ",2019-03-17 09:37:11.000,"Start     ","On        ","On        ",280,"Off       ",0,13.6499996,"On        ","Right     ",4,0,130,50.5,94.2799988,42.0887985,132.6199951,"On        ","Right     ",4,0,NULL,NULL,1552815431000,1552815431000
1097358,"111004                                                                                                                                                                                                                                                         ",2019-03-17 09:37:12.000,"Start     ","On        ","On        ",280,"Off       ",0,13.75,"On        ","Right     ",4,0,130,50.2000008,94.2799988,41.8119011,132.6199951,"On        ","Right     ",4,0,NULL,NULL,1552815432000,1552815432000
1097359,"111004                                                                                                                                                                                                                                                         ",2019-03-17 09:37:13.000,"Start     ","On        ","On        ",280,"Off       ",0,13.6999998,"On        ","Right     ",4,0,130,50.0999985,94.2799988,41.9042015,132.6199951,"On        ","Right     ",4,0,NULL,NULL,1552815433000,1552815433000
1097360,"111004                                                                                                                                                                                                                                                         ",2019-03-17 09:37:14.000,"Start     ","On        ","On        ",280,"Off       ",0,13.6499996,"Off       ","Middle    ",0,0,130,50.0999985,94.2799988,41.9964981,132.6199951,"On        ","Right     ",4,0,NULL,NULL,1552815434000,1552815434000
1097361,"111004                                                                                                                                                                                                                                                         ",2019-03-17 09:37:15.000,"Start     ","On        ","On        ",280,"Off       ",0,13.6000004,"Off       ","Middle    ",0,0,130,50,94.2799988,41.9042015,132.6199951,"On        ","Right     ",4,0,NULL,NULL,1552815435000,1552815435000
1097362,"111004                                                                                                                                                                                                                                                         ",2019-03-17 09:37:16.000,"Start     ","On        ","On        ",280,"Off       ",0,13.6999998,"Off       ","Middle    ",0,0,130,50,94.2799988,42.4580002,132.8000031,"On        ","Right     ",4,0,NULL,NULL,1552815436000,1552815436000
1097363,"111004                                                                                                                                                                                                                                                         ",2019-03-17 09:37:17.000,"Start     ","On        ","On        ",280,"Off       ",0,13.6999998,"Off       ","Middle    ",0,0,130,50,94.2799988,42.642601,132.8000031,"On        ","Right     ",4,0,NULL,NULL,1552815437000,1552815437000
1097364,"111004                                                                                                                                                                                                                                                         ",2019-03-17 09:37:18.000,"Start     ","On        ","On        ",280,"Off       ",0,14.0500002,"Off       ","Middle    ",0,0,130,50.0999985,94.2799988,42.642601,132.8000031,"On        ","Right     ",4,0,NULL,NULL,1552815438000,1552815438000
1097365,"111004                                                                                                                                                                                                                                                         ",2019-03-17 09:37:19.000,"Start     ","On        ","On        ",280,"Off       ",0,13.6000004,"Off       ","Middle    ",0,0,130,50,94.2799988,42.0887985,132.8000031,"On        ","Right     ",4,0,NULL,NULL,1552815439000,1552815439000
1097366,"111004                                                                                                                                                                                                                                                         ",2019-03-17 09:37:20.000,"Start     ","On        ","On        ",280,"Off       ",0,13.75,"On        ","Left      ",4,0,130,50,94.2799988,40.8889008,132.8000031,"On        ","Right     ",4,0,NULL,NULL,1552815440000,1552815440000
1097367,"111004                                                                                                                                                                                                                                                         ",2019-03-17 09:37:21.000,"Start     ","On        ","On        ",280,"Off       ",0,13.6499996,"On        ","Left      ",4,0,130,50.0999985,94.2799988,39.7812996,132.8000031,"On        ","Right     ",4,0,NULL,NULL,1552815441000,1552815441000
1097368,"111004                                                                                                                                                                                                                                                         ",2019-03-17 09:37:22.000,"Start     ","On        ","On        ",280,"Off       ",0,13.6499996,"On        ","Left      ",4,0,130,50.2000008,94.2799988,38.3967972,132.8000031,"On        ","Right     ",4,0,NULL,NULL,1552815442000,1552815442000
1097369,"111004                                                                                                                                                                                                                                                         ",2019-03-17 09:37:23.000,"Start     ","On        ","On        ",280,"Off       ",0,13.75,"On        ","Left      ",4,0,130,50.0999985,94.2799988,37.104599,132.8000031,"On        ","Right     ",4,0,NULL,NULL,1552815443000,1552815443000
1097370,"111004                                                                                                                                                                                                                                                         ",2019-03-17 09:37:24.000,"Start     ","On        ","On        ",280,"Off       ",0,13.6000004,"On        ","Left      ",4,0,130,49.9000015,94.4599991,36.0892982,132.8000031,"On        ","Right     ",4,0,NULL,NULL,1552815444000,1552815444000
1097371,"111004                                                                                                                                                                                                                                                         ",2019-03-17 09:37:25.000,"Start     ","On        ","On        ",280,"Off       ",0,12.3000002,"On        ","Left      ",4,0,130,49.7999992,94.2799988,35.2586021,132.8000031,"On        ","Right     ",4,0,NULL,NULL,1552815445000,1552815445000
1097372,"111004                                                                                                                                                                                                                                                         ",2019-03-17 09:37:26.000,"Start     ","On        ","On        ",280,"Off       ",0,13.6999998,"On        ","Left      ",4,0,130,49.7000008,94.4599991,35.443203,133.1600037,"On        ","Right     ",4,0,NULL,NULL,1552815446000,1552815446000
1097373,"111004                                                                                                                                                                                                                                                         ",2019-03-17 09:37:27.000,"Start     ","On        ","On        ",280,"Off       ",0,13.8999996,"On        ","Left      ",4,0,130,49.7000008,94.4599991,36.0892982,133.1600037,"On        ","Right     ",4,0,NULL,NULL,1552815447000,1552815447000
1097374,"111004                                                                                                                                                                                                                                                         ",2019-03-17 09:37:28.000,"Start     ","On        ","On        ",280,"Off       ",0,13.4499998,"On        ","Left      ",4,0,131,49.4000015,94.2799988,37.104599,133.1600037,"On        ","Right     ",4,0,NULL,NULL,1552815448000,1552815448000
1097375,"111004                                                                                                                                                                                                                                                         ",2019-03-17 09:37:29.000,"Start     ","On        ","On        ",280,"Off       ",0,13.8500004,"On        ","Left      ",4,0,131,49.4000015,94.4599991,38.3045006,133.1600037,"On        ","Right     ",4,0,NULL,NULL,1552815449000,1552815449000
1097376,"111004                                                                                                                                                                                                                                                         ",2019-03-17 09:37:30.000,"Start     ","On        ","On        ",279,"Off       ",0,13.75,"On        ","Left      ",4,0,131,49.4000015,94.2799988,39.5967026,132.9799957,"On        ","Right     ",4,0,NULL,NULL,1552815450000,1552815450000
1097377,"111004                                                                                                                                                                                                                                                         ",2019-03-17 09:37:31.000,"Start     ","On        ","On        ",279,"Off       ",0,13.9499998,"On        ","Left      ",4,0,131,49.5,94.4599991,40.0582008,132.9799957,"On        ","Right     ",4,0,NULL,NULL,1552815451000,1552815451000
1097378,"111004                                                                                                                                                                                                                                                         ",2019-03-17 09:37:32.000,"Start     ","On        ","On        ",278,"Off       ",0,12.1999998,"On        ","Left      ",4,0,131,49.5999985,94.4599991,40.7042999,133.1600037,"On        ","Right     ",4,0,NULL,NULL,1552815452000,1552815452000
1097379,"111004                                                                                                                                                                                                                                                         ",2019-03-17 09:37:33.000,"Start     ","On        ","On        ",278,"Off       ",0,13.8000002,"On        ","Left      ",4,0,131,49.7000008,94.2799988,41.0735016,133.1600037,"On        ","Right     ",4,0,NULL,NULL,1552815453000,1552815453000
1097380,"111004                                                                                                                                                                                                                                                         ",2019-03-17 09:37:34.000,"Start     ","On        ","On        ",278,"Off       ",0,13.6999998,"On        ","Left      ",4,0,131,49.7999992,94.2799988,41.2581024,133.3399963,"On        ","Right     ",4,0,NULL,NULL,1552815454000,1552815454000
1097381,"111004                                                                                                                                                                                                                                                         ",2019-03-17 09:37:35.000,"Start     ","On        ","On        ",278,"Off       ",0,13.1999998,"On        ","Left      ",4,0,131,49.9000015,94.4599991,41.2581024,133.1600037,"On        ","Right     ",4,0,NULL,NULL,1552815455000,1552815455000
1097382,"111004                                                                                                                                                                                                                                                         ",2019-03-17 09:37:36.000,"Start     ","On        ","On        ",278,"Off       ",0,13.6499996,"On        ","Left      ",4,0,131,49.7999992,94.2799988,41.2581024,133.3399963,"On        ","Right     ",4,0,NULL,NULL,1552815456000,1552815456000
1097383,"111004                                                                                                                                                                                                                                                         ",2019-03-17 09:37:37.000,"Start     ","On        ","On        ",277,"Off       ",0,15.25,"On        ","Left      ",4,0,131,49.7999992,94.4599991,41.2581024,133.3399963,"On        ","Right     ",4,0,NULL,NULL,1552815457000,1552815457000
1097384,"111004                                                                                                                                                                                                                                                         ",2019-03-17 09:37:38.000,"Start     ","On        ","On        ",277,"Off       ",0,14,"On        ","Left      ",4,0,131,49.9000015,94.2799988,41.0735016,133.3399963,"On        ","Right     ",4,0,NULL,NULL,1552815458000,1552815458000
1097385,"111004                                                                                                                                                                                                                                                         ",2019-03-17 09:37:39.000,"Start     ","On        ","On        ",277,"Off       ",0,13.6999998,"On        ","Left      ",4,0,131,50.0999985,94.4599991,41.2581024,133.3399963,"On        ","Right     ",4,0,NULL,NULL,1552815459000,1552815459000
1097386,"111004                                                                                                                                                                                                                                                         ",2019-03-17 09:37:40.000,"Start     ","On        ","On        ",277,"Off       ",0,13.1499996,"On        ","Left      ",4,0,131,50.0999985,94.4599991,41.4427032,133.3399963,"On        ","Right     ",4,0,NULL,NULL,1552815460000,1552815460000
1097387,"111004                                                                                                                                                                                                                                                         ",2019-03-17 09:37:41.000,"Start     ","On        ","On        ",277,"Off       ",0,12.6999998,"On        ","Left      ",4,0,131,50.2000008,94.4599991,41.5349998,133.3399963,"On        ","Right     ",4,0,NULL,NULL,1552815461000,1552815461000
1097388,"111004                                                                                                                                                                                                                                                         ",2019-03-17 09:37:42.000,"Start     ","On        ","On        ",277,"Off       ",0,13.1000004,"On        ","Left      ",4,0,131,50.5,94.4599991,41.7196007,133.3399963,"On        ","Right     ",4,0,NULL,NULL,1552815462000,1552815462000
1097389,"111004                                                                                                                                                                                                                                                         ",2019-03-17 09:37:43.000,"Start     ","On        ","On        ",277,"Off       ",0,13.3000002,"On        ","Left      ",4,0,131,50.4000015,94.4599991,41.7196007,133.3399963,"On        ","Right     ",4,0,NULL,NULL,1552815463000,1552815463000
1097390,"111004                                                                                                                                                                                                                                                         ",2019-03-17 09:37:44.000,"Start     ","On        ","On        ",277,"Off       ",0,12.3000002,"On        ","Left      ",4,0,131,50.5,94.2799988,41.6273003,133.5200043,"On        ","Right     ",4,0,NULL,NULL,1552815464000,1552815464000
1097391,"111004                                                                                                                                                                                                                                                         ",2019-03-17 09:37:45.000,"Start     ","On        ","On        ",277,"Off       ",0,14.75,"On        ","Left      ",4,0,131,50.5999985,94.4599991,41.7196007,133.5200043,"On        ","Right     ",4,0,NULL,NULL,1552815465000,1552815465000
1097392,"111004                                                                                                                                                                                                                                                         ",2019-03-17 09:37:46.000,"Start     ","On        ","On        ",277,"Off       ",0,12.6000004,"On        ","Left      ",4,0,131,50.5999985,94.4599991,41.7196007,133.5200043,"On        ","Right     ",4,0,NULL,NULL,1552815466000,1552815466000
1097393,"111004                                                                                                                                                                                                                                                         ",2019-03-17 09:37:47.000,"Start     ","On        ","On        ",277,"Off       ",0,14.1999998,"On        ","Left      ",4,0,131,50.5,94.4599991,41.7196007,133.5200043,"On        ","Right     ",4,0,NULL,NULL,1552815467000,1552815467000
1097394,"111004                                                                                                                                                                                                                                                         ",2019-03-17 09:37:48.000,"Start     ","On        ","On        ",277,"Off       ",0,14.3500004,"On        ","Left      ",4,0,131,50.4000015,94.4599991,41.6273003,133.6999969,"On        ","Right     ",4,0,NULL,NULL,1552815468000,1552815468000
1097395,"111004                                                                                                                                                                                                                                                         ",2019-03-17 09:37:49.000,"Start     ","On        ","On        ",276,"Off       ",0,14.1499996,"On        ","Left      ",4,0,131,50.4000015,94.4599991,41.350399,133.5200043,"On        ","Right     ",4,0,NULL,NULL,1552815469000,1552815469000
1097396,"111004                                                                                                                                                                                                                                                         ",2019-03-17 09:37:50.000,"Start     ","On        ","On        ",276,"Off       ",0,14.6999998,"On        ","Left      ",4,0,131,50.4000015,94.4599991,41.2581024,133.6999969,"On        ","Right     ",4,0,NULL,NULL,1552815470000,1552815470000
1097397,"111004                                                                                                                                                                                                                                                         ",2019-03-17 09:37:51.000,"Start     ","On        ","On        ",277,"Off       ",0,13.4499998,"On        ","Left      ",4,0,131,50.2999992,94.4599991,41.2581024,133.8800049,"On        ","Right     ",4,0,NULL,NULL,1552815471000,1552815471000
1097398,"111004                                                                                                                                                                                                                                                         ",2019-03-17 09:37:52.000,"Start     ","On        ","On        ",277,"Off       ",0,13.5,"On        ","Left      ",4,0,131,50.2999992,94.4599991,41.0735016,133.6999969,"On        ","Right     ",4,0,NULL,NULL,1552815472000,1552815472000
1097399,"111004                                                                                                                                                                                                                                                         ",2019-03-17 09:37:53.000,"Start     ","On        ","On        ",276,"Off       ",0,13.5500002,"On        ","Left      ",4,0,131,50.2000008,94.4599991,41.0735016,133.6999969,"On        ","Right     ",4,0,NULL,NULL,1552815473000,1552815473000
1097400,"111004                                                                                                                                                                                                                                                         ",2019-03-17 09:37:54.000,"Start     ","On        ","On        ",276,"Off       ",0,13.25,"On        ","Left      ",4,0,131,50.2000008,94.4599991,41.0735016,133.6999969,"On        ","Right     ",4,0,NULL,NULL,1552815474000,1552815474000
1097401,"111004                                                                                                                                                                                                                                                         ",2019-03-17 09:37:55.000,"Start     ","On        ","On        ",277,"Off       ",0,13.3999996,"On        ","Left      ",4,0,131,50.2000008,94.4599991,40.8889008,133.6999969,"On        ","Right     ",4,0,NULL,NULL,1552815475000,1552815475000
1097402,"111004                                                                                                                                                                                                                                                         ",2019-03-17 09:37:56.000,"Start     ","On        ","On        ",277,"Off       ",0,12.6999998,"On        ","Left      ",4,0,131,50.2000008,94.4599991,40.7966003,133.8800049,"On        ","Right     ",4,0,NULL,NULL,1552815476000,1552815476000
1097403,"111004                                                                                                                                                                                                                                                         ",2019-03-17 09:37:57.000,"Start     ","On        ","On        ",277,"Off       ",0,14.8999996,"On        ","Left      ",4,0,131,50.2000008,94.4599991,40.6119995,133.8800049,"On        ","Right     ",4,0,NULL,NULL,1552815477000,1552815477000
1097404,"111004                                                                                                                                                                                                                                                         ",2019-03-17 09:37:58.000,"Start     ","On        ","On        ",277,"Off       ",0,12.8999996,"On        ","Left      ",4,0,131,50.2000008,94.4599991,40.5197029,133.8800049,"On        ","Right     ",4,0,NULL,NULL,1552815478000,1552815478000
1097405,"111004                                                                                                                                                                                                                                                         ",2019-03-17 09:37:59.000,"Start     ","On        ","On        ",277,"Off       ",0,14.6999998,"On        ","Left      ",4,0,131,50.2000008,94.4599991,40.4273987,133.8800049,"On        ","Right     ",4,0,NULL,NULL,1552815479000,1552815479000
1097406,"111004                                                                                                                                                                                                                                                         ",2019-03-17 09:38:00.000,"Start     ","On        ","On        ",277,"Off       ",0,13.9499998,"On        ","Left      ",4,0,131,50.0999985,94.4599991,40.5197029,133.6999969,"On        ","Right     ",4,0,NULL,NULL,1552815480000,1552815480000
1097407,"111004                                                                                                                                                                                                                                                         ",2019-03-17 09:38:01.000,"Start     ","On        ","On        ",277,"Off       ",0,14.1999998,"On        ","Left      ",4,0,131,50.2000008,94.4599991,40.7042999,134.0599976,"On        ","Right     ",4,0,NULL,NULL,1552815481000,1552815481000
1097408,"111004                                                                                                                                                                                                                                                         ",2019-03-17 09:38:02.000,"Start     ","On        ","On        ",276,"Off       ",0,14.3500004,"Off       ","Middle    ",0,0,131,50.2000008,94.4599991,40.7966003,133.6999969,"On        ","Right     ",4,0,NULL,NULL,1552815482000,1552815482000
1097409,"111004                                                                                                                                                                                                                                                         ",2019-03-17 09:38:03.000,"Start     ","On        ","On        ",276,"Off       ",0,13.5500002,"Off       ","Middle    ",0,0,131,50.0999985,94.4599991,40.7042999,134.0599976,"On        ","Right     ",4,0,NULL,NULL,1552815483000,1552815483000
1097410,"111004                                                                                                                                                                                                                                                         ",2019-03-17 09:38:04.000,"Start     ","On        ","On        ",277,"Off       ",0,13.75,"Off       ","Middle    ",0,0,131,50.0999985,94.4599991,40.5197029,134.0599976,"On        ","Right     ",4,0,NULL,NULL,1552815484000,1552815484000
1097411,"111004                                                                                                                                                                                                                                                         ",2019-03-17 09:38:05.000,"Start     ","On        ","On        ",277,"Off       ",0,14.0500002,"Off       ","Middle    ",0,0,131,50,94.4599991,40.5197029,134.2400055,"On        ","Right     ",4,0,NULL,NULL,1552815485000,1552815485000
1097412,"111004                                                                                                                                                                                                                                                         ",2019-03-17 09:38:06.000,"Start     ","On        ","On        ",277,"Off       ",0,13.8000002,"Off       ","Middle    ",0,0,131,49.9000015,94.2799988,40.3351021,134.0599976,"On        ","Right     ",4,0,NULL,NULL,1552815486000,1552815486000
1097413,"111004                                                                                                                                                                                                                                                         ",2019-03-17 09:38:07.000,"Start     ","On        ","On        ",277,"Off       ",0,13.4499998,"Off       ","Middle    ",0,0,131,49.7999992,94.4599991,39.8736,134.0599976,"On        ","Right     ",4,0,NULL,NULL,1552815487000,1552815487000
1097414,"111004                                                                                                                                                                                                                                                         ",2019-03-17 09:38:08.000,"Start     ","On        ","On        ",277,"Off       ",0,13.6000004,"On        ","Right     ",4,0,131,49.7999992,94.4599991,39.0429001,134.0599976,"On        ","Right     ",4,0,NULL,NULL,1552815488000,1552815488000
1097415,"111004                                                                                                                                                                                                                                                         ",2019-03-17 09:38:09.000,"Start     ","On        ","On        ",277,"Off       ",0,13.5,"On        ","Right     ",4,0,131,50,94.4599991,37.8429985,134.0599976,"On        ","Right     ",4,0,NULL,NULL,1552815489000,1552815489000
1097416,"111004                                                                                                                                                                                                                                                         ",2019-03-17 09:38:10.000,"Start     ","On        ","On        ",277,"Off       ",0,13.4499998,"On        ","Right     ",4,0,131,49.9000015,94.6399994,36.5508003,134.0599976,"On        ","Right     ",4,0,NULL,NULL,1552815490000,1552815490000
1097417,"111004                                                                                                                                                                                                                                                         ",2019-03-17 09:38:11.000,"Start     ","On        ","On        ",277,"Off       ",0,13.6499996,"On        ","Right     ",4,0,131,49.7999992,94.4599991,35.5354996,134.0599976,"On        ","Right     ",4,0,NULL,NULL,1552815491000,1552815491000
1097418,"111004                                                                                                                                                                                                                                                         ",2019-03-17 09:38:12.000,"Start     ","On        ","On        ",277,"Off       ",0,13.4499998,"On        ","Right     ",4,0,131,49.5999985,94.4599991,34.6124992,134.0599976,"On        ","Right     ",4,0,NULL,NULL,1552815492000,1552815492000
1097419,"111004                                                                                                                                                                                                                                                         ",2019-03-17 09:38:13.000,"Start     ","On        ","On        ",277,"Off       ",0,13.6499996,"On        ","Right     ",4,0,131,49.4000015,94.6399994,33.5972023,134.0599976,"On        ","Right     ",4,0,NULL,NULL,1552815493000,1552815493000
1097420,"111004                                                                                                                                                                                                                                                         ",2019-03-17 09:38:14.000,"Start     ","On        ","On        ",278,"Off       ",0,13.1000004,"On        ","Right     ",4,0,131,49.4000015,94.6399994,33.7817993,134.0599976,"On        ","Right     ",4,0,NULL,NULL,1552815494000,1552815494000
1097421,"111004                                                                                                                                                                                                                                                         ",2019-03-17 09:38:15.000,"Start     ","On        ","On        ",278,"Off       ",0,12.8000002,"On        ","Right     ",4,0,131,49.4000015,94.6399994,34.2432976,134.2400055,"On        ","Right     ",4,0,NULL,NULL,1552815495000,1552815495000
1097422,"111004                                                                                                                                                                                                                                                         ",2019-03-17 09:38:16.000,"Start     ","On        ","On        ",277,"Off       ",0,12.3000002,"On        ","Right     ",4,0,132,49.2999992,94.6399994,34.9817009,134.2400055,"On        ","Right     ",4,0,NULL,NULL,1552815496000,1552815496000
1097423,"111004                                                                                                                                                                                                                                                         ",2019-03-17 09:38:17.000,"Start     ","On        ","On        ",277,"Off       ",0,13.1999998,"On        ","Right     ",4,0,132,49.2999992,94.4599991,35.9047012,134.4199982,"On        ","Right     ",4,0,NULL,NULL,1552815497000,1552815497000
1097424,"111004                                                                                                                                                                                                                                                         ",2019-03-17 09:38:18.000,"Start     ","On        ","On        ",277,"Off       ",0,13.3999996,"On        ","Right     ",4,0,132,49.2000008,94.6399994,36.6431007,134.4199982,"On        ","Right     ",4,0,NULL,NULL,1552815498000,1552815498000
1097425,"111004                                                                                                                                                                                                                                                         ",2019-03-17 09:38:19.000,"Start     ","On        ","On        ",277,"Off       ",0,13.5,"On        ","Right     ",4,0,132,49.2000008,94.4599991,37.3815002,134.2400055,"On        ","Right     ",4,0,NULL,NULL,1552815499000,1552815499000
1097426,"111004                                                                                                                                                                                                                                                         ",2019-03-17 09:38:20.000,"Start     ","On        ","On        ",278,"Off       ",0,15.25,"On        ","Right     ",4,0,132,49.2999992,94.4599991,37.7507019,134.2400055,"On        ","Right     ",4,0,NULL,NULL,1552815500000,1552815500000
1097427,"111004                                                                                                                                                                                                                                                         ",2019-03-17 09:38:21.000,"Start     ","On        ","On        ",278,"Off       ",0,14.25,"On        ","Right     ",4,0,132,49.4000015,94.4599991,37.8429985,134.4199982,"On        ","Right     ",4,0,NULL,NULL,1552815501000,1552815501000
1097428,"111004                                                                                                                                                                                                                                                         ",2019-03-17 09:38:22.000,"Start     ","On        ","On        ",278,"Off       ",0,12.1000004,"On        ","Right     ",4,0,132,49.5999985,94.4599991,37.7507019,134.4199982,"On        ","Right     ",4,0,NULL,NULL,1552815502000,1552815502000
1097429,"111004                                                                                                                                                                                                                                                         ",2019-03-17 09:38:23.000,"Start     ","On        ","On        ",278,"Off       ",0,12.75,"On        ","Right     ",4,0,132,49.5999985,94.6399994,38.3967972,134.6000061,"On        ","Right     ",4,0,NULL,NULL,1552815503000,1552815503000
1097430,"111004                                                                                                                                                                                                                                                         ",2019-03-17 09:38:24.000,"Start     ","On        ","On        ",278,"Off       ",0,14.3500004,"On        ","Right     ",4,0,132,49.7000008,94.6399994,38.4891014,134.6000061,"On        ","Right     ",4,0,NULL,NULL,1552815504000,1552815504000
1097431,"111004                                                                                                                                                                                                                                                         ",2019-03-17 09:38:25.000,"Start     ","On        ","On        ",279,"Off       ",0,13.1999998,"On        ","Right     ",4,0,132,49.9000015,94.4599991,38.6737022,134.6000061,"On        ","Right     ",4,0,NULL,NULL,1552815505000,1552815505000
1097432,"111004                                                                                                                                                                                                                                                         ",2019-03-17 09:38:26.000,"Start     ","On        ","On        ",279,"Off       ",0,12.5500002,"On        ","Right     ",4,0,132,50,94.4599991,38.4891014,134.6000061,"On        ","Right     ",4,0,NULL,NULL,1552815506000,1552815506000
1097433,"111004                                                                                                                                                                                                                                                         ",2019-03-17 09:38:27.000,"Start     ","On        ","On        ",279,"Off       ",0,15,"On        ","Right     ",4,0,132,49.9000015,94.6399994,39.0429001,134.6000061,"On        ","Right     ",4,0,NULL,NULL,1552815507000,1552815507000
1097434,"111004                                                                                                                                                                                                                                                         ",2019-03-17 09:38:28.000,"Start     ","On        ","On        ",279,"Off       ",0,14,"On        ","Right     ",4,0,132,49.9000015,94.6399994,39.1352005,134.6000061,"On        ","Right     ",4,0,NULL,NULL,1552815508000,1552815508000
1097435,"111004                                                                                                                                                                                                                                                         ",2019-03-17 09:38:29.000,"Start     ","On        ","On        ",279,"Off       ",0,14.75,"On        ","Right     ",4,0,132,49.9000015,94.6399994,39.2275009,134.6000061,"On        ","Right     ",4,0,NULL,NULL,1552815509000,1552815509000
1097436,"111004                                                                                                                                                                                                                                                         ",2019-03-17 09:38:30.000,"Start     ","On        ","On        ",279,"Off       ",0,13.9499998,"On        ","Right     ",4,0,132,49.7000008,94.6399994,39.1352005,134.6000061,"On        ","Right     ",4,0,NULL,NULL,1552815510000,1552815510000
1097437,"111004                                                                                                                                                                                                                                                         ",2019-03-17 09:38:31.000,"Start     ","On        ","On        ",279,"Off       ",0,11.3500004,"On        ","Right     ",4,0,132,49.7000008,94.6399994,38.8582993,134.6000061,"On        ","Right     ",4,0,NULL,NULL,1552815511000,1552815511000
1097438,"111004                                                                                                                                                                                                                                                         ",2019-03-17 09:38:32.000,"Start     ","On        ","On        ",280,"Off       ",0,13.0500002,"On        ","Right     ",4,0,132,49.7999992,94.6399994,38.581398,134.6000061,"On        ","Right     ",4,0,NULL,NULL,1552815512000,1552815512000
1097439,"111004                                                                                                                                                                                                                                                         ",2019-03-17 09:38:33.000,"Start     ","On        ","On        ",280,"Off       ",0,13.25,"On        ","Right     ",4,0,132,49.7999992,94.4599991,38.581398,134.6000061,"On        ","Right     ",4,0,NULL,NULL,1552815513000,1552815513000
1097440,"111004                                                                                                                                                                                                                                                         ",2019-03-17 09:38:34.000,"Start     ","On        ","On        ",280,"Off       ",0,13.3999996,"On        ","Right     ",4,0,132,49.7999992,94.4599991,38.4891014,134.7799988,"On        ","Right     ",4,0,NULL,NULL,1552815514000,1552815514000
1097441,"111004                                                                                                                                                                                                                                                         ",2019-03-17 09:38:35.000,"Start     ","On        ","On        ",280,"Off       ",0,12.6999998,"On        ","Right     ",4,0,132,49.7999992,94.4599991,38.6737022,134.7799988,"On        ","Right     ",4,0,NULL,NULL,1552815515000,1552815515000
1097442,"111004                                                                                                                                                                                                                                                         ",2019-03-17 09:38:36.000,"Start     ","On        ","On        ",280,"Off       ",0,13.1999998,"On        ","Right     ",4,0,132,49.7999992,94.6399994,38.6737022,134.6000061,"On        ","Right     ",4,0,NULL,NULL,1552815516000,1552815516000
1097443,"111004                                                                                                                                                                                                                                                         ",2019-03-17 09:38:37.000,"Start     ","On        ","On        ",280,"Off       ",0,13.0500002,"On        ","Right     ",4,0,132,49.7999992,94.6399994,38.4891014,134.7799988,"On        ","Right     ",4,0,NULL,NULL,1552815517000,1552815517000
1097444,"111004                                                                                                                                                                                                                                                         ",2019-03-17 09:38:38.000,"Start     ","On        ","On        ",280,"Off       ",0,13.3000002,"On        ","Right     ",4,0,132,49.7999992,94.6399994,38.581398,134.7799988,"On        ","Right     ",4,0,NULL,NULL,1552815518000,1552815518000
1097445,"111004                                                                                                                                                                                                                                                         ",2019-03-17 09:38:39.000,"Start     ","On        ","On        ",280,"Off       ",0,13.9499998,"On        ","Right     ",4,0,132,49.7999992,94.6399994,38.3045006,134.7799988,"On        ","Right     ",4,0,NULL,NULL,1552815519000,1552815519000
1097446,"111004                                                                                                                                                                                                                                                         ",2019-03-17 09:38:40.000,"Start     ","On        ","On        ",280,"Off       ",0,13,"On        ","Right     ",4,0,132,49.7000008,94.6399994,38.3045006,134.7799988,"On        ","Right     ",4,0,NULL,NULL,1552815520000,1552815520000
1097447,"111004                                                                                                                                                                                                                                                         ",2019-03-17 09:38:41.000,"Start     ","On        ","On        ",280,"Off       ",0,12.6999998,"On        ","Right     ",4,0,132,49.5999985,94.6399994,38.3045006,134.7799988,"On        ","Right     ",4,0,NULL,NULL,1552815521000,1552815521000
1097448,"111004                                                                                                                                                                                                                                                         ",2019-03-17 09:38:42.000,"Start     ","On        ","On        ",280,"Off       ",0,13.3500004,"On        ","Right     ",4,0,132,49.5999985,94.6399994,38.0275993,134.9600067,"On        ","Right     ",4,0,NULL,NULL,1552815522000,1552815522000
1097449,"111004                                                                                                                                                                                                                                                         ",2019-03-17 09:38:43.000,"Start     ","On        ","On        ",280,"Off       ",0,14.5500002,"On        ","Right     ",4,0,132,49.7999992,94.6399994,38.0275993,134.9600067,"On        ","Right     ",4,0,NULL,NULL,1552815523000,1552815523000
1097467,"111004                                                                                                                                                                                                                                                         ",2019-03-17 09:39:01.000,"Start     ","On        ","On        ",280,"Off       ",0,14.3500004,"On        ","Left      ",4,0,132,49.7000008,94.8199997,32.4896011,135.1399994,"On        ","Right     ",4,0,NULL,NULL,1552815541000,1552815541000
1097468,"111004                                                                                                                                                                                                                                                         ",2019-03-17 09:39:02.000,"Start     ","On        ","On        ",280,"Off       ",0,13.8000002,"On        ","Left      ",4,0,132,49.7000008,94.8199997,32.2126999,135.1399994,"On        ","Right     ",4,0,NULL,NULL,1552815542000,1552815542000
1097469,"111004                                                                                                                                                                                                                                                         ",2019-03-17 09:39:03.000,"Start     ","On        ","On        ",280,"Off       ",0,13.75,"On        ","Left      ",4,0,132,49.5999985,94.6399994,32.3050003,135.1399994,"On        ","Right     ",4,0,NULL,NULL,1552815543000,1552815543000
1097470,"111004                                                                                                                                                                                                                                                         ",2019-03-17 09:39:04.000,"Start     ","On        ","On        ",280,"Off       ",0,13.1999998,"On        ","Left      ",4,0,132,49.7000008,94.8199997,33.0433998,135.1399994,"On        ","Right     ",4,0,NULL,NULL,1552815544000,1552815544000
1097471,"111004                                                                                                                                                                                                                                                         ",2019-03-17 09:39:05.000,"Start     ","On        ","On        ",280,"Off       ",0,12.8999996,"On        ","Left      ",4,0,132,49.7000008,94.8199997,34.151001,135.3200073,"On        ","Right     ",4,0,NULL,NULL,1552815545000,1552815545000
1097472,"111004                                                                                                                                                                                                                                                         ",2019-03-17 09:39:06.000,"Start     ","On        ","On        ",280,"Off       ",0,13.1000004,"On        ","Left      ",4,0,132,49.7999992,94.8199997,35.0740013,135.5,"On        ","Right     ",4,0,NULL,NULL,1552815546000,1552815546000
1097473,"111004                                                                                                                                                                                                                                                         ",2019-03-17 09:39:07.000,"Start     ","On        ","On        ",280,"Off       ",0,13.3500004,"On        ","Left      ",4,0,133,49.9000015,94.8199997,35.8124008,135.1399994,"On        ","Right     ",4,0,NULL,NULL,1552815547000,1552815547000
1097474,"111004                                                                                                                                                                                                                                                         ",2019-03-17 09:39:08.000,"Start     ","On        ","On        ",280,"Off       ",0,12.8999996,"On        ","Left      ",4,0,133,49.7000008,94.8199997,36.4584999,135.5,"On        ","Right     ",4,0,NULL,NULL,1552815548000,1552815548000
1097475,"111004                                                                                                                                                                                                                                                         ",2019-03-17 09:39:09.000,"Start     ","On        ","On        ",280,"Off       ",0,13.5500002,"On        ","Left      ",4,0,133,49.7000008,94.8199997,36.9199982,135.3200073,"On        ","Right     ",4,0,NULL,NULL,1552815549000,1552815549000
1097476,"111004                                                                                                                                                                                                                                                         ",2019-03-17 09:39:10.000,"Start     ","On        ","On        ",280,"Off       ",0,13.5,"On        ","Left      ",4,0,133,49.5999985,94.8199997,37.104599,135.3200073,"On        ","Right     ",4,0,NULL,NULL,1552815550000,1552815550000
1097477,"111004                                                                                                                                                                                                                                                         ",2019-03-17 09:39:11.000,"Start     ","On        ","On        ",280,"Off       ",0,13.75,"On        ","Left      ",4,0,133,49.7000008,94.8199997,37.3815002,135.5,"On        ","Right     ",4,0,NULL,NULL,1552815551000,1552815551000
1097484,"111004                                                                                                                                                                                                                                                         ",2019-03-17 09:39:12.000,"Start     ","On        ","On        ",280,"Off       ",0,13.3000002,"On        ","Left      ",4,0,133,49.5,94.8199997,37.3815002,135.5,"On        ","Right     ",4,0,NULL,NULL,1552815552000,1552815552000
1097479,"111004                                                                                                                                                                                                                                                         ",2019-03-17 09:39:13.000,"Start     ","On        ","On        ",280,"Off       ",0,14.75,"On        ","Left      ",4,0,133,49.4000015,94.8199997,37.5661011,135.5,"On        ","Right     ",4,0,NULL,NULL,1552815553000,1552815553000
1097482,"111004                                                                                                                                                                                                                                                         ",2019-03-17 09:39:14.000,"Start     ","On        ","On        ",280,"Off       ",0,14.5,"On        ","Left      ",4,0,133,49.4000015,94.6399994,37.5661011,135.6799927,"On        ","Right     ",4,0,NULL,NULL,1552815554000,1552815554000
1097478,"111004                                                                                                                                                                                                                                                         ",2019-03-17 09:39:15.000,"Start     ","On        ","On        ",280,"Off       ",0,13.8500004,"On        ","Left      ",4,0,133,49.5,94.8199997,37.4737968,135.5,"On        ","Right     ",4,0,NULL,NULL,1552815555000,1552815555000
1097480,"111004                                                                                                                                                                                                                                                         ",2019-03-17 09:39:16.000,"Start     ","On        ","On        ",280,"Off       ",0,13.3500004,"On        ","Left      ",4,0,133,49.2999992,94.8199997,37.4737968,135.5,"On        ","Right     ",4,0,NULL,NULL,1552815556000,1552815556000
1097483,"111004                                                                                                                                                                                                                                                         ",2019-03-17 09:39:17.000,"Start     ","On        ","On        ",280,"Off       ",0,13.6499996,"On        ","Left      ",4,0,133,49.4000015,94.8199997,37.3815002,135.6799927,"On        ","Right     ",4,0,NULL,NULL,1552815557000,1552815557000
1097481,"111004                                                                                                                                                                                                                                                         ",2019-03-17 09:39:18.000,"Start     ","On        ","On        ",280,"Off       ",0,13.8000002,"On        ","Left      ",4,0,133,49.4000015,94.8199997,37.2891998,135.8600006,"On        ","Right     ",4,0,NULL,NULL,1552815558000,1552815558000
1097485,"111004                                                                                                                                                                                                                                                         ",2019-03-17 09:39:19.000,"Start     ","On        ","On        ",279,"Off       ",0,12.0500002,"On        ","Left      ",4,0,133,49.9000015,95,37.3815002,135.6799927,"On        ","Right     ",4,0,NULL,NULL,1552815559000,1552815559000
1097488,"111004                                                                                                                                                                                                                                                         ",2019-03-17 09:39:20.000,"Start     ","On        ","On        ",279,"Off       ",0,13.1499996,"On        ","Left      ",4,0,133,49.4000015,94.8199997,37.4737968,135.6799927,"On        ","Right     ",4,0,NULL,NULL,1552815560000,1552815560000
1097487,"111004                                                                                                                                                                                                                                                         ",2019-03-17 09:39:21.000,"Start     ","On        ","On        ",280,"Off       ",0,13.1499996,"On        ","Left      ",4,0,133,49.2999992,94.8199997,37.3815002,135.8600006,"On        ","Right     ",4,0,NULL,NULL,1552815561000,1552815561000
1097486,"111004                                                                                                                                                                                                                                                         ",2019-03-17 09:39:22.000,"Start     ","On        ","On        ",280,"Off       ",0,12.5500002,"On        ","Left      ",4,0,133,49.4000015,94.8199997,37.2891998,135.6799927,"On        ","Right     ",4,0,NULL,NULL,1552815562000,1552815562000
1097489,"111004                                                                                                                                                                                                                                                         ",2019-03-17 09:39:23.000,"Start     ","On        ","On        ",279,"Off       ",0,12.6000004,"On        ","Left      ",4,0,133,49.5,94.8199997,37.1968994,135.6799927,"On        ","Right     ",4,0,NULL,NULL,1552815563000,1552815563000
1097490,"111004                                                                                                                                                                                                                                                         ",2019-03-17 09:39:24.000,"Start     ","On        ","On        ",279,"Off       ",0,12.25,"On        ","Left      ",4,0,133,49.5999985,94.8199997,37.3815002,135.6799927,"On        ","Right     ",4,0,NULL,NULL,1552815564000,1552815564000
1097491,"111004                                                                                                                                                                                                                                                         ",2019-03-17 09:39:25.000,"Start     ","On        ","On        ",279,"Off       ",0,13.3500004,"On        ","Left      ",4,0,133,49.5,94.8199997,37.3815002,135.6799927,"On        ","Right     ",4,0,NULL,NULL,1552815565000,1552815565000
1097492,"111004                                                                                                                                                                                                                                                         ",2019-03-17 09:39:26.000,"Start     ","On        ","On        ",279,"Off       ",0,13.4499998,"On        ","Left      ",4,0,133,50,95,37.4737968,135.6799927,"On        ","Right     ",4,0,NULL,NULL,1552815566000,1552815566000
1097493,"111004                                                                                                                                                                                                                                                         ",2019-03-17 09:39:27.000,"Start     ","On        ","On        ",279,"Off       ",0,13.5500002,"On        ","Left      ",4,0,133,49.4000015,94.8199997,37.3815002,135.6799927,"On        ","Right     ",4,0,NULL,NULL,1552815567000,1552815567000
1097494,"111004                                                                                                                                                                                                                                                         ",2019-03-17 09:39:28.000,"Start     ","On        ","On        ",278,"Off       ",0,13.25,"On        ","Left      ",4,0,133,49.2000008,94.8199997,37.2891998,136.0399933,"On        ","Right     ",4,0,NULL,NULL,1552815568000,1552815568000
1097495,"111004                                                                                                                                                                                                                                                         ",2019-03-17 09:39:29.000,"Start     ","On        ","On        ",278,"Off       ",0,13.8000002,"On        ","Left      ",4,0,133,49.7000008,95,37.1968994,136.0399933,"On        ","Right     ",4,0,NULL,NULL,1552815569000,1552815569000
1097496,"111004                                                                                                                                                                                                                                                         ",2019-03-17 09:39:30.000,"Start     ","On        ","On        ",278,"Off       ",0,12.8500004,"On        ","Left      ",4,0,133,49.7000008,95,37.1968994,136.0399933,"On        ","Right     ",4,0,NULL,NULL,1552815570000,1552815570000
1097497,"111004                                                                                                                                                                                                                                                         ",2019-03-17 09:39:31.000,"Start     ","On        ","On        ",278,"Off       ",0,12.25,"On        ","Left      ",4,0,133,49.7000008,95,37.104599,136.0399933,"On        ","Right     ",4,0,NULL,NULL,1552815571000,1552815571000
1097498,"111004                                                                                                                                                                                                                                                         ",2019-03-17 09:39:32.000,"Start     ","On        ","On        ",278,"Off       ",0,12.6499996,"On        ","Left      ",4,0,133,49.0999985,94.8199997,37.0122986,136.0399933,"On        ","Right     ",4,0,NULL,NULL,1552815572000,1552815572000
1097499,"111004                                                                                                                                                                                                                                                         ",2019-03-17 09:39:33.000,"Start     ","On        ","On        ",278,"Off       ",0,13.4499998,"On        ","Left      ",4,0,133,49.0999985,94.8199997,37.0122986,135.8600006,"On        ","Right     ",4,0,NULL,NULL,1552815573000,1552815573000
1097500,"111004                                                                                                                                                                                                                                                         ",2019-03-17 09:39:34.000,"Start     ","On        ","On        ",278,"Off       ",0,13.25,"On        ","Left      ",4,0,133,49.0999985,94.8199997,36.7354012,136.0399933,"On        ","Right     ",4,0,NULL,NULL,1552815574000,1552815574000
1097501,"111004                                                                                                                                                                                                                                                         ",2019-03-17 09:39:35.000,"Start     ","On        ","On        ",278,"Off       ",0,12.8999996,"On        ","Left      ",4,0,133,49.7999992,95,36.7354012,136.0399933,"On        ","Right     ",4,0,NULL,NULL,1552815575000,1552815575000
1097502,"111004                                                                                                                                                                                                                                                         ",2019-03-17 09:39:36.000,"Start     ","On        ","On        ",278,"Off       ",0,13.5,"On        ","Left      ",4,0,133,49.9000015,95,36.6431007,135.8600006,"On        ","Right     ",4,0,NULL,NULL,1552815576000,1552815576000
1097503,"111004                                                                                                                                                                                                                                                         ",2019-03-17 09:39:37.000,"Start     ","On        ","On        ",278,"Off       ",0,12.8999996,"On        ","Left      ",4,0,133,49.2999992,94.8199997,36.6431007,136.0399933,"On        ","Right     ",4,0,NULL,NULL,1552815577000,1552815577000
1097504,"111004                                                                                                                                                                                                                                                         ",2019-03-17 09:39:38.000,"Start     ","On        ","On        ",278,"Off       ",0,13.3000002,"On        ","Left      ",4,0,133,49.2000008,94.8199997,36.7354012,135.8600006,"On        ","Right     ",4,0,NULL,NULL,1552815578000,1552815578000
1097505,"111004                                                                                                                                                                                                                                                         ",2019-03-17 09:39:39.000,"Start     ","On        ","On        ",277,"Off       ",0,13.6000004,"On        ","Left      ",4,0,133,49.2000008,94.8199997,36.7354012,136.2200012,"On        ","Right     ",4,0,NULL,NULL,1552815579000,1552815579000
1097506,"111004                                                                                                                                                                                                                                                         ",2019-03-17 09:39:40.000,"Start     ","On        ","On        ",277,"Off       ",0,13.1999998,"Off       ","Middle    ",0,0,133,49.2999992,94.8199997,37.104599,136.3999939,"On        ","Right     ",4,0,NULL,NULL,1552815580000,1552815580000
1097507,"111004                                                                                                                                                                                                                                                         ",2019-03-17 09:39:41.000,"Start     ","On        ","On        ",278,"Off       ",0,13.75,"Off       ","Middle    ",0,0,133,49.2999992,94.8199997,36.9199982,136.3999939,"On        ","Right     ",4,0,NULL,NULL,1552815581000,1552815581000
1097508,"111004                                                                                                                                                                                                                                                         ",2019-03-17 09:39:42.000,"Start     ","On        ","On        ",278,"Off       ",0,13.3999996,"Off       ","Middle    ",0,0,133,49.2000008,94.8199997,36.7354012,136.3999939,"On        ","Right     ",4,0,NULL,NULL,1552815582000,1552815582000
1097509,"111004                                                                                                                                                                                                                                                         ",2019-03-17 09:39:43.000,"Start     ","On        ","On        ",278,"Off       ",0,13.6000004,"Off       ","Middle    ",0,0,133,49.7000008,95,36.2738991,136.2200012,"On        ","Right     ",4,0,NULL,NULL,1552815583000,1552815583000
1097510,"111004                                                                                                                                                                                                                                                         ",2019-03-17 09:39:44.000,"Start     ","On        ","On        ",278,"Off       ",0,13.1999998,"Off       ","Middle    ",0,0,133,49.7000008,95,36.2738991,136.2200012,"On        ","Right     ",4,0,NULL,NULL,1552815584000,1552815584000
1097511,"111004                                                                                                                                                                                                                                                         ",2019-03-17 09:39:45.000,"Start     ","On        ","On        ",277,"Off       ",0,13.3500004,"Off       ","Middle    ",0,0,133,49.7000008,95,35.8124008,136.2200012,"On        ","Right     ",4,0,NULL,NULL,1552815585000,1552815585000
1097512,"111004                                                                                                                                                                                                                                                         ",2019-03-17 09:39:46.000,"Start     ","On        ","On        ",277,"Off       ",0,13.1999998,"On        ","Right     ",4,0,133,49.7000008,95,34.6124992,136.2200012,"On        ","Right     ",4,0,NULL,NULL,1552815586000,1552815586000
1097513,"111004                                                                                                                                                                                                                                                         ",2019-03-17 09:39:47.000,"Start     ","On        ","On        ",278,"Off       ",0,13.1999998,"On        ","Right     ",4,0,133,49.7000008,95,33.3202972,136.2200012,"On        ","Right     ",4,0,NULL,NULL,1552815587000,1552815587000
1097514,"111004                                                                                                                                                                                                                                                         ",2019-03-17 09:39:48.000,"Start     ","On        ","On        ",278,"Off       ",0,13.1499996,"On        ","Right     ",4,0,133,49,94.8199997,32.3050003,136.2200012,"On        ","Right     ",4,0,NULL,NULL,1552815588000,1552815588000
1097515,"111004                                                                                                                                                                                                                                                         ",2019-03-17 09:39:49.000,"Start     ","On        ","On        ",278,"Off       ",0,13.3500004,"On        ","Right     ",4,0,133,49.5,95,31.8435001,136.2200012,"On        ","Right     ",4,0,NULL,NULL,1552815589000,1552815589000
1097516,"111004                                                                                                                                                                                                                                                         ",2019-03-17 09:39:50.000,"Start     ","On        ","On        ",278,"Off       ",0,14.1499996,"On        ","Right     ",4,0,133,49.5,95,31.382,136.5800018,"On        ","Right     ",4,0,NULL,NULL,1552815590000,1552815590000
1097517,"111004                                                                                                                                                                                                                                                         ",2019-03-17 09:39:51.000,"Start     ","On        ","On        ",279,"Off       ",0,14.75,"On        ","Right     ",4,0,133,49.4000015,95,30.3667011,136.0399933,"On        ","Right     ",4,0,NULL,NULL,1552815591000,1552815591000
1097518,"111004                                                                                                                                                                                                                                                         ",2019-03-17 09:39:52.000,"Start     ","On        ","On        ",279,"Off       ",0,13.6999998,"On        ","Right     ",4,0,133,49.4000015,95,30.4589996,136.2200012,"On        ","Right     ",4,0,NULL,NULL,1552815592000,1552815592000
1097519,"111004                                                                                                                                                                                                                                                         ",2019-03-17 09:39:53.000,"Start     ","On        ","On        ",279,"Off       ",0,12.1000004,"On        ","Right     ",4,0,133,48.7999992,94.8199997,31.5666008,136.5800018,"On        ","Right     ",4,0,NULL,NULL,1552815593000,1552815593000
1097520,"111004                                                                                                                                                                                                                                                         ",2019-03-17 09:39:54.000,"Start     ","On        ","On        ",279,"Off       ",0,12.8500004,"On        ","Right     ",4,0,133,49.2999992,95,32.1203995,136.2200012,"On        ","Right     ",4,0,NULL,NULL,1552815594000,1552815594000
1097521,"111004                                                                                                                                                                                                                                                         ",2019-03-17 09:39:55.000,"Start     ","On        ","On        ",279,"Off       ",0,13.1000004,"On        ","Right     ",4,0,134,49.2999992,95,32.9510994,136.3999939,"On        ","Right     ",4,0,NULL,NULL,1552815595000,1552815595000
1097522,"111004                                                                                                                                                                                                                                                         ",2019-03-17 09:39:56.000,"Start     ","On        ","On        ",279,"Off       ",0,12.5,"On        ","Right     ",4,0,134,48.7000008,94.8199997,34.7047997,136.3999939,"On        ","Right     ",4,0,NULL,NULL,1552815596000,1552815596000
1097523,"111004                                                                                                                                                                                                                                                         ",2019-03-17 09:39:57.000,"Start     ","On        ","On        ",279,"Off       ",0,13.1999998,"On        ","Right     ",4,0,134,48.7000008,94.8199997,34.8894005,136.3999939,"On        ","Right     ",4,0,NULL,NULL,1552815597000,1552815597000
1097524,"111004                                                                                                                                                                                                                                                         ",2019-03-17 09:39:58.000,"Start     ","On        ","On        ",279,"Off       ",0,13.8000002,"On        ","Right     ",4,0,134,48.9000015,94.8199997,35.1662979,136.3999939,"On        ","Right     ",4,0,NULL,NULL,1552815598000,1552815598000
1097525,"111004                                                                                                                                                                                                                                                         ",2019-03-17 09:39:59.000,"Start     ","On        ","On        ",280,"Off       ",0,13.8000002,"On        ","Right     ",4,0,134,49.0999985,94.8199997,35.0740013,136.3999939,"On        ","Right     ",4,0,NULL,NULL,1552815599000,1552815599000
1097526,"111004                                                                                                                                                                                                                                                         ",2019-03-17 09:40:00.000,"Start     ","On        ","On        ",280,"Off       ",0,11.8000002,"On        ","Right     ",4,0,134,49.7999992,95,35.5354996,136.3999939,"On        ","Right     ",4,0,NULL,NULL,1552815600000,1552815600000
1097527,"111004                                                                                                                                                                                                                                                         ",2019-03-17 09:40:01.000,"Start     ","On        ","On        ",280,"Off       ",0,12.8500004,"On        ","Right     ",4,0,134,50.0999985,95,35.9047012,136.3999939,"On        ","Right     ",4,0,NULL,NULL,1552815601000,1552815601000
1097528,"111004                                                                                                                                                                                                                                                         ",2019-03-17 09:40:02.000,"Start     ","On        ","On        ",280,"Off       ",0,14.25,"On        ","Right     ",4,0,134,50.0999985,95,35.9970016,136.3999939,"On        ","Right     ",4,0,NULL,NULL,1552815602000,1552815602000
1097529,"111004                                                                                                                                                                                                                                                         ",2019-03-17 09:40:03.000,"Start     ","On        ","On        ",280,"Off       ",0,12.0500002,"On        ","Right     ",4,0,134,50,95,35.8124008,136.5800018,"On        ","Right     ",4,0,NULL,NULL,1552815603000,1552815603000
1097530,"111004                                                                                                                                                                                                                                                         ",2019-03-17 09:40:04.000,"Start     ","On        ","On        ",280,"Off       ",0,12.75,"On        ","Right     ",4,0,134,50,95,35.7201004,136.5800018,"On        ","Right     ",4,0,NULL,NULL,1552815604000,1552815604000
1097531,"111004                                                                                                                                                                                                                                                         ",2019-03-17 09:40:05.000,"Start     ","On        ","On        ",280,"Off       ",0,14.3999996,"On        ","Right     ",4,0,134,49.9000015,95,35.6278,136.7599945,"On        ","Right     ",4,0,NULL,NULL,1552815605000,1552815605000
1097532,"111004                                                                                                                                                                                                                                                         ",2019-03-17 09:40:06.000,"Start     ","On        ","On        ",280,"Off       ",0,14.1499996,"On        ","Right     ",4,0,133,49.7999992,95,35.2586021,134.6000061,"On        ","Right     ",4,0,NULL,NULL,1552815606000,1552815606000
1097533,"111004                                                                                                                                                                                                                                                         ",2019-03-17 09:40:07.000,"Start     ","On        ","On        ",280,"Off       ",0,13.3500004,"On        ","Right     ",4,0,133,49.9000015,95,35.5354996,136.7599945,"On        ","Right     ",4,0,NULL,NULL,1552815607000,1552815607000
1097534,"111004                                                                                                                                                                                                                                                         ",2019-03-17 09:40:08.000,"Start     ","On        ","On        ",280,"Off       ",0,14.1000004,"On        ","Right     ",4,0,133,50,95,35.6278,136.7599945,"On        ","Right     ",4,0,NULL,NULL,1552815608000,1552815608000
1097535,"111004                                                                                                                                                                                                                                                         ",2019-03-17 09:40:09.000,"Start     ","On        ","On        ",280,"Off       ",0,14.5500002,"On        ","Right     ",4,0,133,50,95,35.6278,136.7599945,"On        ","Right     ",4,0,NULL,NULL,1552815609000,1552815609000
1097536,"111004                                                                                                                                                                                                                                                         ",2019-03-17 09:40:10.000,"Start     ","On        ","On        ",280,"Off       ",0,13.1499996,"On        ","Right     ",4,0,133,49.9000015,95,35.2586021,136.7599945,"On        ","Right     ",4,0,NULL,NULL,1552815610000,1552815610000
1097537,"111004                                                                                                                                                                                                                                                         ",2019-03-17 09:40:11.000,"Start     ","On        ","On        ",280,"Off       ",0,11.8999996,"On        ","Right     ",4,0,133,49.7999992,95,35.0740013,136.7599945,"On        ","Right     ",4,0,NULL,NULL,1552815611000,1552815611000
1097538,"111004                                                                                                                                                                                                                                                         ",2019-03-17 09:40:12.000,"Start     ","On        ","On        ",280,"Off       ",0,14.5500002,"On        ","Right     ",4,0,133,49.7999992,95,34.8894005,137.1199951,"On        ","Right     ",4,0,NULL,NULL,1552815612000,1552815612000
1097539,"111004                                                                                                                                                                                                                                                         ",2019-03-17 09:40:13.000,"Start     ","On        ","On        ",280,"Off       ",0,14.1499996,"On        ","Right     ",4,0,133,49.7000008,95,34.8894005,136.7599945,"On        ","Right     ",4,0,NULL,NULL,1552815613000,1552815613000
1097540,"111004                                                                                                                                                                                                                                                         ",2019-03-17 09:40:14.000,"Start     ","On        ","On        ",281,"Off       ",0,12,"On        ","Right     ",4,0,133,49.7000008,95,34.7971001,136.9400024,"On        ","Right     ",4,0,NULL,NULL,1552815614000,1552815614000
1097541,"111004                                                                                                                                                                                                                                                         ",2019-03-17 09:40:15.000,"Start     ","On        ","On        ",281,"Off       ",0,13.1499996,"On        ","Right     ",4,0,133,49.7000008,95,34.8894005,136.9400024,"On        ","Right     ",4,0,NULL,NULL,1552815615000,1552815615000
1097542,"111004                                                                                                                                                                                                                                                         ",2019-03-17 09:40:16.000,"Start     ","On        ","On        ",280,"Off       ",0,11.1999998,"On        ","Right     ",4,0,133,49.7000008,95,34.9817009,136.9400024,"On        ","Right     ",4,0,NULL,NULL,1552815616000,1552815616000
1097543,"111004                                                                                                                                                                                                                                                         ",2019-03-17 09:40:17.000,"Start     ","On        ","On        ",280,"Off       ",0,15.5,"On        ","Right     ",4,0,133,49.7000008,95,35.0740013,136.9400024,"On        ","Right     ",4,0,NULL,NULL,1552815617000,1552815617000
1097544,"111004                                                                                                                                                                                                                                                         ",2019-03-17 09:40:18.000,"Start     ","On        ","On        ",281,"Off       ",0,13.0500002,"On        ","Right     ",4,0,133,49.5999985,95.1800003,35.0740013,136.9400024,"On        ","Right     ",4,0,NULL,NULL,1552815618000,1552815618000
1097545,"111004                                                                                                                                                                                                                                                         ",2019-03-17 09:40:19.000,"Start     ","On        ","On        ",281,"Off       ",0,12.6000004,"On        ","Right     ",4,0,133,49.5,95.1800003,34.7971001,137.1199951,"On        ","Right     ",4,0,NULL,NULL,1552815619000,1552815619000
1097546,"111004                                                                                                                                                                                                                                                         ",2019-03-17 09:40:20.000,"Start     ","On        ","On        ",281,"Off       ",0,12.5500002,"On        ","Right     ",4,0,133,49.4000015,95,34.7047997,136.9400024,"On        ","Right     ",4,0,NULL,NULL,1552815620000,1552815620000
1097547,"111004                                                                                                                                                                                                                                                         ",2019-03-17 09:40:21.000,"Start     ","On        ","On        ",281,"Off       ",0,13.4499998,"On        ","Right     ",4,0,133,49.4000015,95,34.5202026,136.9400024,"On        ","Right     ",4,0,NULL,NULL,1552815621000,1552815621000
1097548,"111004                                                                                                                                                                                                                                                         ",2019-03-17 09:40:22.000,"Start     ","On        ","On        ",280,"Off       ",0,13.4499998,"On        ","Right     ",4,0,133,49.5,95,34.5202026,136.9400024,"On        ","Right     ",4,0,NULL,NULL,1552815622000,1552815622000
1097549,"111004                                                                                                                                                                                                                                                         ",2019-03-17 09:40:23.000,"Start     ","On        ","On        ",280,"Off       ",0,13.6000004,"On        ","Right     ",4,0,133,49.5,95.1800003,34.4278984,136.9400024,"On        ","Right     ",4,0,NULL,NULL,1552815623000,1552815623000
1097550,"111004                                                                                                                                                                                                                                                         ",2019-03-17 09:40:24.000,"Start     ","On        ","On        ",282,"Off       ",0,13,"On        ","Right     ",4,0,133,49.5,95,34.2432976,136.9400024,"On        ","Right     ",4,0,NULL,NULL,1552815624000,1552815624000
1097551,"111004                                                                                                                                                                                                                                                         ",2019-03-17 09:40:25.000,"Start     ","On        ","On        ",282,"Off       ",0,13.3999996,"On        ","Right     ",4,0,133,49.4000015,95,34.2432976,136.9400024,"On        ","Right     ",4,0,NULL,NULL,1552815625000,1552815625000
1097552,"111004                                                                                                                                                                                                                                                         ",2019-03-17 09:40:26.000,"Start     ","On        ","On        ",282,"Off       ",0,13.3999996,"On        ","Right     ",4,0,133,49.7000008,95,34.0587006,137.1199951,"On        ","Right     ",4,0,NULL,NULL,1552815626000,1552815626000
1097553,"111004                                                                                                                                                                                                                                                         ",2019-03-17 09:40:27.000,"Start     ","On        ","On        ",282,"Off       ",0,13.25,"On        ","Right     ",4,0,133,49.7999992,95,33.9664001,136.9400024,"On        ","Right     ",4,0,NULL,NULL,1552815627000,1552815627000
1097554,"111004                                                                                                                                                                                                                                                         ",2019-03-17 09:40:28.000,"Start     ","On        ","On        ",281,"Off       ",0,13.25,"Off       ","Middle    ",0,0,134,49.9000015,95,33.8740997,136.9400024,"On        ","Right     ",4,0,NULL,NULL,1552815628000,1552815628000
1097555,"111004                                                                                                                                                                                                                                                         ",2019-03-17 09:40:29.000,"Start     ","On        ","On        ",281,"Off       ",0,12.8999996,"Off       ","Middle    ",0,0,134,49.7999992,95,33.7817993,137.1199951,"On        ","Right     ",4,0,NULL,NULL,1552815629000,1552815629000
1097556,"111004                                                                                                                                                                                                                                                         ",2019-03-17 09:40:30.000,"Start     ","On        ","On        ",281,"Off       ",0,13.6000004,"Off       ","Middle    ",0,0,134,49.0999985,94.8199997,33.9664001,137.3000031,"On        ","Right     ",4,0,NULL,NULL,1552815630000,1552815630000
1097557,"111004                                                                                                                                                                                                                                                         ",2019-03-17 09:40:31.000,"Start     ","On        ","On        ",281,"Off       ",0,13.1999998,"Off       ","Middle    ",0,0,134,49.7000008,95,33.9664001,137.3000031,"On        ","Right     ",4,0,NULL,NULL,1552815631000,1552815631000
1097558,"111004                                                                                                                                                                                                                                                         ",2019-03-17 09:40:32.000,"Start     ","On        ","On        ",281,"Off       ",0,12.75,"Off       ","Middle    ",0,0,134,49.7000008,95,33.8740997,137.1199951,"On        ","Right     ",4,0,NULL,NULL,1552815632000,1552815632000
1097559,"111004                                                                                                                                                                                                                                                         ",2019-03-17 09:40:33.000,"Start     ","On        ","On        ",281,"Off       ",0,12.9499998,"Off       ","Middle    ",0,0,134,49.7000008,95,33.4126015,137.3000031,"On        ","Right     ",4,0,NULL,NULL,1552815633000,1552815633000
1097560,"111004                                                                                                                                                                                                                                                         ",2019-03-17 09:40:34.000,"Start     ","On        ","On        ",281,"Off       ",0,13.1000004,"On        ","Left      ",4,0,134,49.7000008,95,32.7664986,137.3000031,"On        ","Right     ",4,0,NULL,NULL,1552815634000,1552815634000
1097561,"111004                                                                                                                                                                                                                                                         ",2019-03-17 09:40:35.000,"Start     ","On        ","On        ",282,"Off       ",0,13.0500002,"On        ","Left      ",4,0,134,49.7000008,95,31.8435001,137.1199951,"On        ","Right     ",4,0,NULL,NULL,1552815635000,1552815635000
1097562,"111004                                                                                                                                                                                                                                                         ",2019-03-17 09:40:36.000,"Start     ","On        ","On        ",282,"Off       ",0,13.0500002,"On        ","Left      ",4,0,134,49.5,95,30.9204998,137.3000031,"On        ","Right     ",4,0,NULL,NULL,1552815636000,1552815636000
1097563,"111004                                                                                                                                                                                                                                                         ",2019-03-17 09:40:37.000,"Start     ","On        ","On        ",283,"Off       ",0,13.1499996,"On        ","Left      ",4,0,134,49.4000015,95,30.089798,137.3000031,"On        ","Right     ",4,0,NULL,NULL,1552815637000,1552815637000
1097564,"111004                                                                                                                                                                                                                                                         ",2019-03-17 09:40:38.000,"Start     ","On        ","On        ",283,"Off       ",0,13.0500002,"On        ","Left      ",4,0,134,49.2000008,95,29.3513985,137.1199951,"On        ","Right     ",4,0,NULL,NULL,1552815638000,1552815638000
1097565,"111004                                                                                                                                                                                                                                                         ",2019-03-17 09:40:39.000,"Start     ","On        ","On        ",281,"Off       ",0,12.75,"On        ","Left      ",4,0,134,49.2000008,95,28.5207005,137.4799957,"On        ","Right     ",4,0,NULL,NULL,1552815639000,1552815639000
1097566,"111004                                                                                                                                                                                                                                                         ",2019-03-17 09:40:40.000,"Start     ","On        ","On        ",281,"Off       ",0,13.4499998,"On        ","Left      ",4,0,134,49.2000008,95,29.2591,137.4799957,"On        ","Right     ",4,0,NULL,NULL,1552815640000,1552815640000
1097567,"111004                                                                                                                                                                                                                                                         ",2019-03-17 09:40:41.000,"Start     ","On        ","On        ",281,"Off       ",0,12.0500002,"On        ","Left      ",4,0,134,49.0999985,95,29.6282978,137.4799957,"On        ","Right     ",4,0,NULL,NULL,1552815641000,1552815641000
1097568,"111004                                                                                                                                                                                                                                                         ",2019-03-17 09:40:42.000,"Start     ","On        ","On        ",281,"Off       ",0,11.8999996,"On        ","Left      ",4,0,134,48.5,94.8199997,30.1821003,137.4799957,"On        ","Right     ",4,0,NULL,NULL,1552815642000,1552815642000
1097569,"111004                                                                                                                                                                                                                                                         ",2019-03-17 09:40:43.000,"Start     ","On        ","On        ",281,"Off       ",0,13.3500004,"On        ","Left      ",4,0,134,49.0999985,95,31.4742985,137.3000031,"On        ","Right     ",4,0,NULL,NULL,1552815643000,1552815643000
1097570,"111004                                                                                                                                                                                                                                                         ",2019-03-17 09:40:44.000,"Start     ","On        ","On        ",281,"Off       ",0,12.3999996,"On        ","Left      ",4,0,135,49.2000008,95,32.674202,137.4799957,"On        ","Right     ",4,0,NULL,NULL,1552815644000,1552815644000
1097571,"111004                                                                                                                                                                                                                                                         ",2019-03-17 09:40:45.000,"Start     ","On        ","On        ",281,"Off       ",0,12.8000002,"On        ","Left      ",4,0,135,49.2999992,95,32.7664986,137.4799957,"On        ","Right     ",4,0,NULL,NULL,1552815645000,1552815645000
1097572,"111004                                                                                                                                                                                                                                                         ",2019-03-17 09:40:46.000,"Start     ","On        ","On        ",281,"Off       ",0,15.1999998,"On        ","Left      ",4,0,135,49.4000015,95,33.1357002,137.4799957,"On        ","Right     ",4,0,NULL,NULL,1552815646000,1552815646000
1097573,"111004                                                                                                                                                                                                                                                         ",2019-03-17 09:40:47.000,"Start     ","On        ","On        ",281,"Off       ",0,13.25,"On        ","Left      ",4,0,135,49.4000015,95,33.5972023,137.4799957,"On        ","Right     ",4,0,NULL,NULL,1552815647000,1552815647000
1097574,"111004                                                                                                                                                                                                                                                         ",2019-03-17 09:40:48.000,"Start     ","On        ","On        ",281,"Off       ",0,13.8000002,"On        ","Left      ",4,0,135,49.5,95.1800003,33.9664001,137.4799957,"On        ","Right     ",4,0,NULL,NULL,1552815648000,1552815648000
1097575,"111004                                                                                                                                                                                                                                                         ",2019-03-17 09:40:49.000,"Start     ","On        ","On        ",281,"Off       ",0,14.9499998,"On        ","Left      ",4,0,135,49.5999985,95,33.7817993,137.4799957,"On        ","Right     ",4,0,NULL,NULL,1552815649000,1552815649000
1097576,"111004                                                                                                                                                                                                                                                         ",2019-03-17 09:40:50.000,"Start     ","On        ","On        ",280,"Off       ",0,13.6499996,"On        ","Left      ",4,0,135,49.7000008,95.1800003,33.5048981,137.6600037,"On        ","Right     ",4,0,NULL,NULL,1552815650000,1552815650000
1097577,"111004                                                                                                                                                                                                                                                         ",2019-03-17 09:40:51.000,"Start     ","On        ","On        ",280,"Off       ",0,12.9499998,"On        ","Left      ",4,0,135,49.7000008,95.1800003,33.3202972,137.6600037,"On        ","Right     ",4,0,NULL,NULL,1552815651000,1552815651000
1097578,"111004                                                                                                                                                                                                                                                         ",2019-03-17 09:40:52.000,"Start     ","On        ","On        ",280,"Off       ",0,12.3999996,"On        ","Left      ",4,0,135,49.7999992,95,33.2280006,137.6600037,"On        ","Right     ",4,0,NULL,NULL,1552815652000,1552815652000
1097579,"111004                                                                                                                                                                                                                                                         ",2019-03-17 09:40:53.000,"Start     ","On        ","On        ",280,"Off       ",0,13.1000004,"On        ","Left      ",4,0,135,49.7999992,95.1800003,33.4126015,137.8399963,"On        ","Right     ",4,0,NULL,NULL,1552815653000,1552815653000
1097580,"111004                                                                                                                                                                                                                                                         ",2019-03-17 09:40:54.000,"Start     ","On        ","On        ",280,"Off       ",0,13.1000004,"On        ","Left      ",4,0,135,49.7999992,95,33.5048981,137.6600037,"On        ","Right     ",4,0,NULL,NULL,1552815654000,1552815654000
1097581,"111004                                                                                                                                                                                                                                                         ",2019-03-17 09:40:55.000,"Start     ","On        ","On        ",280,"Off       ",0,13.6499996,"On        ","Left      ",4,0,135,49.5999985,95,33.6894989,137.6600037,"On        ","Right     ",4,0,NULL,NULL,1552815655000,1552815655000
1097582,"111004                                                                                                                                                                                                                                                         ",2019-03-17 09:40:56.000,"Start     ","On        ","On        ",280,"Off       ",0,12.75,"On        ","Left      ",4,0,135,49.4000015,95,33.7817993,137.6600037,"On        ","Right     ",4,0,NULL,NULL,1552815656000,1552815656000
1097583,"111004                                                                                                                                                                                                                                                         ",2019-03-17 09:40:57.000,"Start     ","On        ","On        ",280,"Off       ",0,13.3999996,"On        ","Left      ",4,0,135,49.4000015,95,33.7817993,137.8399963,"On        ","Right     ",4,0,NULL,NULL,1552815657000,1552815657000
1097584,"111004                                                                                                                                                                                                                                                         ",2019-03-17 09:40:58.000,"Start     ","On        ","On        ",280,"Off       ",0,13.1999998,"On        ","Left      ",4,0,135,49.2999992,95.1800003,33.8740997,138.0200043,"On        ","Right     ",4,0,NULL,NULL,1552815658000,1552815658000
1097585,"111004                                                                                                                                                                                                                                                         ",2019-03-17 09:40:59.000,"Start     ","On        ","On        ",280,"Off       ",0,12.8999996,"On        ","Left      ",4,0,135,49.4000015,95.1800003,33.8740997,138.0200043,"On        ","Right     ",4,0,NULL,NULL,1552815659000,1552815659000
1097586,"111004                                                                                                                                                                                                                                                         ",2019-03-17 09:41:00.000,"Start     ","On        ","On        ",280,"Off       ",0,15.3999996,"On        ","Left      ",4,0,135,49.4000015,95.1800003,33.7817993,138.0200043,"On        ","Right     ",4,0,NULL,NULL,1552815660000,1552815660000
1097587,"111004                                                                                                                                                                                                                                                         ",2019-03-17 09:41:01.000,"Start     ","On        ","On        ",280,"Off       ",0,13.1999998,"On        ","Left      ",4,0,135,49.4000015,95,33.7817993,138.0200043,"On        ","Right     ",4,0,NULL,NULL,1552815661000,1552815661000
1097588,"111004                                                                                                                                                                                                                                                         ",2019-03-17 09:41:02.000,"Start     ","On        ","On        ",280,"Off       ",0,12.6999998,"On        ","Left      ",4,0,135,49.2999992,95.1800003,33.8740997,138.0200043,"On        ","Right     ",4,0,NULL,NULL,1552815662000,1552815662000
1097589,"111004                                                                                                                                                                                                                                                         ",2019-03-17 09:41:03.000,"Start     ","On        ","On        ",280,"Off       ",0,13.8500004,"On        ","Left      ",4,0,135,49.5,95,33.8740997,138.0200043,"On        ","Right     ",4,0,NULL,NULL,1552815663000,1552815663000
1097590,"111004                                                                                                                                                                                                                                                         ",2019-03-17 09:41:04.000,"Start     ","On        ","On        ",280,"Off       ",0,13.0500002,"On        ","Left      ",4,0,135,49.4000015,95,33.7817993,138.0200043,"On        ","Right     ",4,0,NULL,NULL,1552815664000,1552815664000
1097591,"111004                                                                                                                                                                                                                                                         ",2019-03-17 09:41:05.000,"Start     ","On        ","On        ",280,"Off       ",0,12.6999998,"On        ","Left      ",4,0,135,49.4000015,95,33.5972023,138.0200043,"On        ","Right     ",4,0,NULL,NULL,1552815665000,1552815665000
1097592,"111004                                                                                                                                                                                                                                                         ",2019-03-17 09:41:06.000,"Start     ","On        ","On        ",280,"Off       ",0,11.9499998,"On        ","Left      ",4,0,135,49.4000015,95.1800003,33.5972023,137.8399963,"On        ","Right     ",4,0,NULL,NULL,1552815666000,1552815666000
1097593,"111004                                                                                                                                                                                                                                                         ",2019-03-17 09:41:07.000,"Start     ","On        ","On        ",280,"Off       ",0,12.5500002,"On        ","Left      ",4,0,135,49.5999985,95.1800003,33.3202972,138.0200043,"On        ","Right     ",4,0,NULL,NULL,1552815667000,1552815667000
1097594,"111004                                                                                                                                                                                                                                                         ",2019-03-17 09:41:08.000,"Start     ","On        ","On        ",280,"Off       ",0,13.0500002,"On        ","Left      ",4,0,135,49.7000008,95.1800003,33.3202972,137.8399963,"On        ","Right     ",4,0,NULL,NULL,1552815668000,1552815668000
1097595,"111004                                                                                                                                                                                                                                                         ",2019-03-17 09:41:09.000,"Start     ","On        ","On        ",280,"Off       ",0,12.4499998,"On        ","Left      ",4,0,135,49.7999992,95.1800003,33.7817993,138.1999969,"On        ","Right     ",4,0,NULL,NULL,1552815669000,1552815669000
1097596,"111004                                                                                                                                                                                                                                                         ",2019-03-17 09:41:10.000,"Start     ","On        ","On        ",280,"Off       ",0,12.8500004,"On        ","Left      ",4,0,135,49.5,95.1800003,33.2280006,138.0200043,"On        ","Right     ",4,0,NULL,NULL,1552815670000,1552815670000
1097597,"111004                                                                                                                                                                                                                                                         ",2019-03-17 09:41:11.000,"Start     ","On        ","On        ",280,"Off       ",0,15,"On        ","Left      ",4,0,135,49.5,95.1800003,33.7817993,138.1999969,"On        ","Right     ",4,0,NULL,NULL,1552815671000,1552815671000
1097598,"111004                                                                                                                                                                                                                                                         ",2019-03-17 09:41:12.000,"Start     ","On        ","On        ",280,"Off       ",0,12.8500004,"On        ","Left      ",4,0,135,49.2999992,95.1800003,33.5972023,138.1999969,"On        ","Right     ",4,0,NULL,NULL,1552815672000,1552815672000
1097599,"111004                                                                                                                                                                                                                                                         ",2019-03-17 09:41:13.000,"Start     ","On        ","On        ",280,"Off       ",0,13,"On        ","Left      ",4,0,135,49.2000008,95.1800003,33.4126015,138.1999969,"On        ","Right     ",4,0,NULL,NULL,1552815673000,1552815673000
1097600,"111004                                                                                                                                                                                                                                                         ",2019-03-17 09:41:14.000,"Start     ","On        ","On        ",280,"Off       ",0,13.8000002,"On        ","Left      ",4,0,135,49.2000008,95.1800003,33.4126015,138.1999969,"On        ","Right     ",4,0,NULL,NULL,1552815674000,1552815674000
1097601,"111004                                                                                                                                                                                                                                                         ",2019-03-17 09:41:15.000,"Start     ","On        ","On        ",280,"Off       ",0,12.6000004,"On        ","Left      ",4,0,135,49.2000008,95.1800003,33.4126015,138.1999969,"On        ","Right     ",4,0,NULL,NULL,1552815675000,1552815675000
1097602,"111004                                                                                                                                                                                                                                                         ",2019-03-17 09:41:16.000,"Start     ","On        ","On        ",280,"Off       ",0,13.1999998,"On        ","Left      ",4,0,135,49.2000008,95.3600006,33.4126015,138.1999969,"On        ","Right     ",4,0,NULL,NULL,1552815676000,1552815676000
1097603,"111004                                                                                                                                                                                                                                                         ",2019-03-17 09:41:17.000,"Start     ","On        ","On        ",280,"Off       ",0,13.0500002,"Off       ","Middle    ",0,0,135,49.4000015,95.1800003,33.4126015,138.1999969,"On        ","Right     ",4,0,NULL,NULL,1552815677000,1552815677000
1097604,"111004                                                                                                                                                                                                                                                         ",2019-03-17 09:41:18.000,"Start     ","On        ","On        ",280,"Off       ",0,12.1000004,"Off       ","Middle    ",0,0,135,49.2000008,95.1800003,33.5048981,138.1999969,"On        ","Right     ",4,0,NULL,NULL,1552815678000,1552815678000
1097605,"111004                                                                                                                                                                                                                                                         ",2019-03-17 09:41:19.000,"Start     ","On        ","On        ",280,"Off       ",0,13.1000004,"Off       ","Middle    ",0,0,135,49.4000015,95.3600006,33.7817993,138.5599976,"On        ","Right     ",4,0,NULL,NULL,1552815679000,1552815679000
1097606,"111004                                                                                                                                                                                                                                                         ",2019-03-17 09:41:20.000,"Start     ","On        ","On        ",280,"Off       ",0,12.5500002,"Off       ","Middle    ",0,0,135,49.4000015,95.3600006,33.6894989,138.3800049,"On        ","Right     ",4,0,NULL,NULL,1552815680000,1552815680000
1097607,"111004                                                                                                                                                                                                                                                         ",2019-03-17 09:41:21.000,"Start     ","On        ","On        ",280,"Off       ",0,12.6499996,"Off       ","Middle    ",0,0,135,49.4000015,95.1800003,33.5972023,138.5599976,"On        ","Right     ",4,0,NULL,NULL,1552815681000,1552815681000
1097608,"111004                                                                                                                                                                                                                                                         ",2019-03-17 09:41:22.000,"Start     ","On        ","On        ",280,"Off       ",0,12.6999998,"Off       ","Middle    ",0,0,135,49.5,95.1800003,33.3202972,138.5599976,"On        ","Right     ",4,0,NULL,NULL,1552815682000,1552815682000
1097609,"111004                                                                                                                                                                                                                                                         ",2019-03-17 09:41:23.000,"Start     ","On        ","On        ",280,"Off       ",0,13,"On        ","Right     ",4,0,135,49.7000008,95.3600006,32.5818977,138.5599976,"On        ","Right     ",4,0,NULL,NULL,1552815683000,1552815683000
1097610,"111004                                                                                                                                                                                                                                                         ",2019-03-17 09:41:24.000,"Start     ","On        ","On        ",280,"Off       ",0,12.8999996,"On        ","Right     ",4,0,135,49.5999985,95.1800003,31.5666008,138.5599976,"On        ","Right     ",4,0,NULL,NULL,1552815684000,1552815684000
1097611,"111004                                                                                                                                                                                                                                                         ",2019-03-17 09:41:25.000,"Start     ","On        ","On        ",280,"Off       ",0,12.8999996,"On        ","Right     ",4,0,135,49.5,95.1800003,30.5512981,138.5599976,"On        ","Right     ",4,0,NULL,NULL,1552815685000,1552815685000
1097612,"111004                                                                                                                                                                                                                                                         ",2019-03-17 09:41:26.000,"Start     ","On        ","On        ",280,"Off       ",0,12.9499998,"On        ","Right     ",4,0,135,49.4000015,95.3600006,29.6282978,138.5599976,"On        ","Right     ",4,0,NULL,NULL,1552815686000,1552815686000
1097613,"111004                                                                                                                                                                                                                                                         ",2019-03-17 09:41:27.000,"Start     ","On        ","On        ",280,"Off       ",0,12.5500002,"On        ","Right     ",4,0,135,49.2999992,95.3600006,28.7975998,138.5599976,"On        ","Right     ",4,0,NULL,NULL,1552815687000,1552815687000
1097614,"111004                                                                                                                                                                                                                                                         ",2019-03-17 09:41:28.000,"Start     ","On        ","On        ",280,"Off       ",0,14.5,"On        ","Right     ",4,0,135,49.2000008,95.5400009,28.2438011,138.5599976,"On        ","Right     ",4,0,NULL,NULL,1552815688000,1552815688000
1097615,"111004                                                                                                                                                                                                                                                         ",2019-03-17 09:41:29.000,"Start     ","On        ","On        ",280,"Off       ",0,13.1000004,"On        ","Right     ",4,0,135,49,95.3600006,28.3361015,138.5599976,"On        ","Right     ",4,0,NULL,NULL,1552815689000,1552815689000
1097616,"111004                                                                                                                                                                                                                                                         ",2019-03-17 09:41:30.000,"Start     ","On        ","On        ",280,"Off       ",0,12.5500002,"On        ","Right     ",4,0,135,48.9000015,95.1800003,28.8899002,138.5599976,"On        ","Right     ",4,0,NULL,NULL,1552815690000,1552815690000
1097617,"111004                                                                                                                                                                                                                                                         ",2019-03-17 09:41:31.000,"Start     ","On        ","On        ",280,"Off       ",0,12.75,"On        ","Right     ",4,0,135,49,95.3600006,29.8128986,138.5599976,"On        ","Right     ",4,0,NULL,NULL,1552815691000,1552815691000
1097618,"111004                                                                                                                                                                                                                                                         ",2019-03-17 09:41:32.000,"Start     ","On        ","On        ",280,"Off       ",0,12.6000004,"On        ","Right     ",4,0,136,49,95.3600006,30.6436005,138.7400055,"On        ","Right     ",4,0,NULL,NULL,1552815692000,1552815692000
1097619,"111004                                                                                                                                                                                                                                                         ",2019-03-17 09:41:33.000,"Start     ","On        ","On        ",280,"Off       ",0,12.75,"On        ","Right     ",4,0,136,49.0999985,95.1800003,31.4742985,138.7400055,"On        ","Right     ",4,0,NULL,NULL,1552815693000,1552815693000
1097620,"111004                                                                                                                                                                                                                                                         ",2019-03-17 09:41:34.000,"Start     ","On        ","On        ",280,"Off       ",0,12.6999998,"On        ","Right     ",4,0,136,49.2000008,95.3600006,32.0280991,138.9199982,"On        ","Right     ",4,0,NULL,NULL,1552815694000,1552815694000
1097621,"111004                                                                                                                                                                                                                                                         ",2019-03-17 09:41:35.000,"Start     ","On        ","On        ",280,"Off       ",0,13.6999998,"On        ","Right     ",4,0,136,49.2000008,95.3600006,32.674202,138.9199982,"On        ","Right     ",4,0,NULL,NULL,1552815695000,1552815695000
1097622,"111004                                                                                                                                                                                                                                                         ",2019-03-17 09:41:36.000,"Start     ","On        ","On        ",280,"Off       ",0,13.8000002,"On        ","Right     ",4,0,136,49.2000008,95.3600006,32.858799,138.7400055,"On        ","Right     ",4,0,NULL,NULL,1552815696000,1552815696000
1097623,"111004                                                                                                                                                                                                                                                         ",2019-03-17 09:41:37.000,"Start     ","On        ","On        ",280,"Off       ",0,12.75,"On        ","Right     ",4,0,136,49.5,95.5400009,33.1357002,138.9199982,"On        ","Right     ",4,0,NULL,NULL,1552815697000,1552815697000
1097624,"111004                                                                                                                                                                                                                                                         ",2019-03-17 09:41:38.000,"Start     ","On        ","On        ",282,"Off       ",0,13.1000004,"On        ","Right     ",4,0,136,49.5,95.3600006,33.2280006,138.7400055,"On        ","Right     ",4,0,NULL,NULL,1552815698000,1552815698000
1097625,"111004                                                                                                                                                                                                                                                         ",2019-03-17 09:41:39.000,"Start     ","On        ","On        ",282,"Off       ",0,12.8000002,"On        ","Right     ",4,0,136,49.5,95.3600006,33.2280006,138.9199982,"On        ","Right     ",4,0,NULL,NULL,1552815699000,1552815699000
1097626,"111004                                                                                                                                                                                                                                                         ",2019-03-17 09:41:40.000,"Start     ","On        ","On        ",281,"Off       ",0,12.3999996,"On        ","Right     ",4,0,136,49.5,95.3600006,33.3202972,138.7400055,"On        ","Right     ",4,0,NULL,NULL,1552815700000,1552815700000
1097627,"111004                                                                                                                                                                                                                                                         ",2019-03-17 09:41:41.000,"Start     ","On        ","On        ",281,"Off       ",0,12.6000004,"On        ","Right     ",4,0,136,49.5,95.5400009,33.3202972,138.7400055,"On        ","Right     ",4,0,NULL,NULL,1552815701000,1552815701000
1097628,"111004                                                                                                                                                                                                                                                         ",2019-03-17 09:41:42.000,"Start     ","On        ","On        ",282,"Off       ",0,12.1000004,"On        ","Right     ",4,0,136,49.4000015,95.3600006,33.3202972,139.1000061,"On        ","Right     ",4,0,NULL,NULL,1552815702000,1552815702000
1097629,"111004                                                                                                                                                                                                                                                         ",2019-03-17 09:41:43.000,"Start     ","On        ","On        ",282,"Off       ",0,12.8999996,"On        ","Right     ",4,0,136,49.4000015,95.3600006,33.4126015,138.7400055,"On        ","Right     ",4,0,NULL,NULL,1552815703000,1552815703000
1097630,"111004                                                                                                                                                                                                                                                         ",2019-03-17 09:41:44.000,"Start     ","On        ","On        ",283,"Off       ",0,11.6000004,"On        ","Right     ",4,0,135,49.7000008,95.5400009,33.3202972,139.1000061,"On        ","Right     ",4,0,NULL,NULL,1552815704000,1552815704000
1097631,"111004                                                                                                                                                                                                                                                         ",2019-03-17 09:41:45.000,"Start     ","On        ","On        ",283,"Off       ",0,12.75,"On        ","Right     ",4,0,135,49.5,95.5400009,33.4126015,139.1000061,"On        ","Right     ",4,0,NULL,NULL,1552815705000,1552815705000
1097632,"111004                                                                                                                                                                                                                                                         ",2019-03-17 09:41:46.000,"Start     ","On        ","On        ",283,"Off       ",0,13,"On        ","Right     ",4,0,135,49.4000015,95.5400009,33.3202972,139.1000061,"On        ","Right     ",4,0,NULL,NULL,1552815706000,1552815706000
1097633,"111004                                                                                                                                                                                                                                                         ",2019-03-17 09:41:47.000,"Start     ","On        ","On        ",283,"Off       ",0,13.1499996,"On        ","Right     ",4,0,135,49.2999992,95.3600006,33.3202972,139.1000061,"On        ","Right     ",4,0,NULL,NULL,1552815707000,1552815707000
1097634,"111004                                                                                                                                                                                                                                                         ",2019-03-17 09:41:48.000,"Start     ","On        ","On        ",283,"Off       ",0,12.6999998,"On        ","Right     ",4,0,135,49.2999992,95.5400009,33.3202972,138.9199982,"On        ","Right     ",4,0,NULL,NULL,1552815708000,1552815708000
1097635,"111004                                                                                                                                                                                                                                                         ",2019-03-17 09:41:49.000,"Start     ","On        ","On        ",283,"Off       ",0,12.6999998,"On        ","Right     ",4,0,135,49.2000008,95.3600006,33.2280006,139.1000061,"On        ","Right     ",4,0,NULL,NULL,1552815709000,1552815709000
1097636,"111004                                                                                                                                                                                                                                                         ",2019-03-17 09:41:50.000,"Start     ","On        ","On        ",283,"Off       ",0,12.8999996,"On        ","Right     ",4,0,135,49.2999992,95.3600006,33.2280006,139.1000061,"On        ","Right     ",4,0,NULL,NULL,1552815710000,1552815710000
1097637,"111004                                                                                                                                                                                                                                                         ",2019-03-17 09:41:51.000,"Start     ","On        ","On        ",284,"Off       ",0,11.8500004,"On        ","Right     ",4,0,135,49.2000008,95.3600006,33.3202972,139.1000061,"On        ","Right     ",4,0,NULL,NULL,1552815711000,1552815711000
1097638,"111004                                                                                                                                                                                                                                                         ",2019-03-17 09:41:52.000,"Start     ","On        ","On        ",284,"Off       ",0,13.0500002,"On        ","Right     ",4,0,135,49.2000008,95.3600006,33.3202972,139.1000061,"On        ","Right     ",4,0,NULL,NULL,1552815712000,1552815712000
1097639,"111004                                                                                                                                                                                                                                                         ",2019-03-17 09:41:53.000,"Start     ","On        ","On        ",284,"Off       ",0,12.5500002,"On        ","Right     ",4,0,135,49.2000008,95.5400009,33.3202972,139.1000061,"On        ","Right     ",4,0,NULL,NULL,1552815713000,1552815713000
1097640,"111004                                                                                                                                                                                                                                                         ",2019-03-17 09:41:54.000,"Start     ","On        ","On        ",284,"Off       ",0,12.75,"On        ","Right     ",4,0,135,49.2000008,95.5400009,33.2280006,139.1000061,"On        ","Right     ",4,0,NULL,NULL,1552815714000,1552815714000
1097641,"111004                                                                                                                                                                                                                                                         ",2019-03-17 09:41:55.000,"Start     ","On        ","On        ",284,"Off       ",0,13.3000002,"On        ","Right     ",4,0,135,49.2000008,95.5400009,33.2280006,139.2799988,"On        ","Right     ",4,0,NULL,NULL,1552815715000,1552815715000
1097642,"111004                                                                                                                                                                                                                                                         ",2019-03-17 09:41:56.000,"Start     ","On        ","On        ",284,"Off       ",0,13.1999998,"On        ","Right     ",4,0,135,49.2000008,95.3600006,33.0433998,139.4600067,"On        ","Right     ",4,0,NULL,NULL,1552815716000,1552815716000
1097643,"111004                                                                                                                                                                                                                                                         ",2019-03-17 09:41:57.000,"Start     ","On        ","On        ",284,"Off       ",0,12.8000002,"On        ","Right     ",4,0,135,49,95.7200012,32.674202,139.4600067,"On        ","Right     ",4,0,NULL,NULL,1552815717000,1552815717000
1097644,"111004                                                                                                                                                                                                                                                         ",2019-03-17 09:41:58.000,"Start     ","On        ","On        ",284,"Off       ",0,13.25,"On        ","Right     ",4,0,135,49.0999985,95.3600006,32.674202,139.2799988,"On        ","Right     ",4,0,NULL,NULL,1552815718000,1552815718000
1097645,"111004                                                                                                                                                                                                                                                         ",2019-03-17 09:41:59.000,"Start     ","On        ","On        ",284,"Off       ",0,12.6999998,"On        ","Right     ",4,0,135,49.0999985,95.3600006,32.5818977,139.4600067,"On        ","Right     ",4,0,NULL,NULL,1552815719000,1552815719000
1097646,"111004                                                                                                                                                                                                                                                         ",2019-03-17 09:42:00.000,"Start     ","On        ","On        ",284,"Off       ",0,12.6499996,"On        ","Right     ",4,0,135,49.0999985,95.5400009,32.674202,139.4600067,"On        ","Right     ",4,0,NULL,NULL,1552815720000,1552815720000
1097647,"111004                                                                                                                                                                                                                                                         ",2019-03-17 09:42:01.000,"Start     ","On        ","On        ",284,"Off       ",0,13.5500002,"On        ","Right     ",4,0,135,49,95.5400009,32.674202,139.2799988,"On        ","Right     ",4,0,NULL,NULL,1552815721000,1552815721000
1097648,"111004                                                                                                                                                                                                                                                         ",2019-03-17 09:42:02.000,"Start     ","On        ","On        ",284,"Off       ",0,11.8999996,"On        ","Right     ",4,0,135,49.0999985,95.5400009,33.2280006,139.4600067,"On        ","Right     ",4,0,NULL,NULL,1552815722000,1552815722000
1097649,"111004                                                                                                                                                                                                                                                         ",2019-03-17 09:42:03.000,"Start     ","On        ","On        ",284,"Off       ",0,10.6999998,"On        ","Right     ",4,0,135,49.0999985,95.3600006,32.7664986,139.2799988,"On        ","Right     ",4,0,NULL,NULL,1552815723000,1552815723000
1097650,"111004                                                                                                                                                                                                                                                         ",2019-03-17 09:42:04.000,"Start     ","On        ","On        ",284,"Off       ",0,12.0500002,"On        ","Right     ",4,0,135,49,95.3600006,32.3050003,139.4600067,"On        ","Right     ",4,0,NULL,NULL,1552815724000,1552815724000
1097651,"111004                                                                                                                                                                                                                                                         ",2019-03-17 09:42:05.000,"Start     ","On        ","On        ",284,"Off       ",0,11.5,"Off       ","Middle    ",0,0,135,48.9000015,95.5400009,32.3050003,139.4600067,"On        ","Right     ",4,0,NULL,NULL,1552815725000,1552815725000
1097652,"111004                                                                                                                                                                                                                                                         ",2019-03-17 09:42:06.000,"Start     ","On        ","On        ",284,"Off       ",0,12.5500002,"Off       ","Middle    ",0,0,135,48.7999992,95.5400009,32.3972969,139.2799988,"On        ","Right     ",4,0,NULL,NULL,1552815726000,1552815726000
1097653,"111004                                                                                                                                                                                                                                                         ",2019-03-17 09:42:07.000,"Start     ","On        ","On        ",284,"Off       ",0,12.1499996,"Off       ","Middle    ",0,0,135,48.7000008,95.5400009,32.4896011,139.2799988,"On        ","Right     ",4,0,NULL,NULL,1552815727000,1552815727000
1097654,"111004                                                                                                                                                                                                                                                         ",2019-03-17 09:42:08.000,"Start     ","On        ","On        ",284,"Off       ",0,12.5500002,"Off       ","Middle    ",0,0,135,48.7000008,95.5400009,32.5818977,139.6399994,"On        ","Right     ",4,0,NULL,NULL,1552815728000,1552815728000
1097655,"111004                                                                                                                                                                                                                                                         ",2019-03-17 09:42:09.000,"Start     ","On        ","On        ",285,"Off       ",0,12.6999998,"Off       ","Middle    ",0,0,135,48.7999992,95.3600006,32.3972969,139.4600067,"On        ","Right     ",4,0,NULL,NULL,1552815729000,1552815729000
1097656,"111004                                                                                                                                                                                                                                                         ",2019-03-17 09:42:10.000,"Start     ","On        ","On        ",285,"Off       ",0,12.75,"Off       ","Middle    ",0,0,135,48.7999992,95.5400009,32.1203995,139.6399994,"On        ","Right     ",4,0,NULL,NULL,1552815730000,1552815730000
1097657,"111004                                                                                                                                                                                                                                                         ",2019-03-17 09:42:11.000,"Start     ","On        ","On        ",284,"Off       ",0,12.75,"Off       ","Middle    ",0,0,135,48.7000008,95.5400009,31.1973991,139.6399994,"On        ","Right     ",4,0,NULL,NULL,1552815731000,1552815731000
1097658,"111004                                                                                                                                                                                                                                                         ",2019-03-17 09:42:12.000,"Start     ","On        ","On        ",284,"Off       ",0,12.8000002,"Off       ","Middle    ",0,0,135,48.7000008,95.3600006,29.6282978,139.6399994,"On        ","Right     ",4,0,NULL,NULL,1552815732000,1552815732000
1097659,"111004                                                                                                                                                                                                                                                         ",2019-03-17 09:42:13.000,"Start     ","On        ","On        ",284,"Off       ",0,12.75,"Off       ","Middle    ",0,0,136,48.5,95.5400009,29.0744991,139.6399994,"On        ","Right     ",4,0,NULL,NULL,1552815733000,1552815733000
1097660,"111004                                                                                                                                                                                                                                                         ",2019-03-17 09:42:14.000,"Start     ","On        ","On        ",284,"Off       ",0,12.75,"Off       ","Middle    ",0,0,136,48.5,95.3600006,28.2438011,139.6399994,"On        ","Right     ",4,0,NULL,NULL,1552815734000,1552815734000
1097661,"111004                                                                                                                                                                                                                                                         ",2019-03-17 09:42:15.000,"Start     ","On        ","On        ",284,"Off       ",0,12.75,"Off       ","Middle    ",0,0,136,48.4000015,95.3600006,27.5053997,139.6399994,"On        ","Right     ",4,0,NULL,NULL,1552815735000,1552815735000
1097662,"111004                                                                                                                                                                                                                                                         ",2019-03-17 09:42:16.000,"Start     ","On        ","On        ",284,"Off       ",0,12.75,"Off       ","Middle    ",0,0,136,48.4000015,95.3600006,26.951601,139.6399994,"On        ","Right     ",4,0,NULL,NULL,1552815736000,1552815736000
1097663,"111004                                                                                                                                                                                                                                                         ",2019-03-17 09:42:17.000,"Start     ","On        ","On        ",284,"Off       ",0,12.75,"On        ","Right     ",4,0,136,48.2999992,95.5400009,26.3978004,139.6399994,"On        ","Right     ",7,0,NULL,NULL,1552815737000,1552815737000
1097664,"111004                                                                                                                                                                                                                                                         ",2019-03-17 09:42:18.000,"Start     ","On        ","On        ",284,"Off       ",0,12.75,"On        ","Right     ",4,0,136,48.2000008,95.5400009,25.8439999,139.6399994,"On        ","Right     ",7,0,NULL,NULL,1552815738000,1552815738000
1097665,"111004                                                                                                                                                                                                                                                         ",2019-03-17 09:42:19.000,"Start     ","On        ","On        ",284,"Off       ",0,12.8500004,"On        ","Right     ",4,0,136,48.2000008,95.5400009,25.5671005,139.6399994,"On        ","Right     ",7,0,NULL,NULL,1552815739000,1552815739000
1097666,"111004                                                                                                                                                                                                                                                         ",2019-03-17 09:42:20.000,"Start     ","On        ","On        ",284,"Off       ",0,13.0500002,"On        ","Right     ",4,0,136,48.2000008,95.5400009,25.1978989,139.6399994,"On        ","Right     ",7,0,NULL,NULL,1552815740000,1552815740000
1097667,"111004                                                                                                                                                                                                                                                         ",2019-03-17 09:42:21.000,"Start     ","On        ","On        ",282,"Off       ",0,13,"On        ","Right     ",4,0,136,48.2999992,95.5400009,25.1978989,139.6399994,"On        ","Right     ",7,0,NULL,NULL,1552815741000,1552815741000
1097668,"111004                                                                                                                                                                                                                                                         ",2019-03-17 09:42:22.000,"Start     ","On        ","On        ",282,"Off       ",0,12.25,"On        ","Right     ",4,0,136,48.4000015,95.5400009,25.7516994,140,"On        ","Right     ",7,0,NULL,NULL,1552815742000,1552815742000
1097669,"111004                                                                                                                                                                                                                                                         ",2019-03-17 09:42:23.000,"Start     ","On        ","On        ",280,"Off       ",0,10.1999998,"On        ","Right     ",4,0,137,48.5,95.5400009,26.3055,140,"On        ","Right     ",7,0,NULL,NULL,1552815743000,1552815743000
1097670,"111004                                                                                                                                                                                                                                                         ",2019-03-17 09:42:24.000,"Start     ","On        ","On        ",280,"Off       ",0,12.4499998,"On        ","Right     ",4,0,137,48.7000008,95.5400009,26.951601,140,"On        ","Right     ",7,0,NULL,NULL,1552815744000,1552815744000
1097671,"111004                                                                                                                                                                                                                                                         ",2019-03-17 09:42:25.000,"Start     ","On        ","On        ",280,"Off       ",0,12.8500004,"On        ","Right     ",4,0,137,48.7999992,95.3600006,27.8746014,140,"On        ","Right     ",7,0,NULL,NULL,1552815745000,1552815745000
1097672,"111004                                                                                                                                                                                                                                                         ",2019-03-17 09:42:26.000,"Start     ","On        ","On        ",280,"Off       ",0,13.3999996,"On        ","Right     ",4,0,137,49,95.5400009,28.8899002,140.1799927,"On        ","Right     ",7,0,NULL,NULL,1552815746000,1552815746000
1097673,"111004                                                                                                                                                                                                                                                         ",2019-03-17 09:42:27.000,"Start     ","On        ","On        ",280,"Off       ",0,12.6999998,"On        ","Right     ",4,0,137,49,95.5400009,29.3513985,140,"On        ","Right     ",7,0,NULL,NULL,1552815747000,1552815747000
1097674,"111004                                                                                                                                                                                                                                                         ",2019-03-17 09:42:28.000,"Start     ","On        ","On        ",280,"Off       ",0,11.9499998,"On        ","Right     ",4,0,137,49.2000008,95.5400009,29.6282978,140.1799927,"On        ","Right     ",7,0,NULL,NULL,1552815748000,1552815748000
1097675,"111004                                                                                                                                                                                                                                                         ",2019-03-17 09:42:29.000,"Start     ","On        ","On        ",278,"Off       ",0,12.3000002,"On        ","Right     ",4,0,137,49.2000008,95.5400009,29.9974995,140.1799927,"On        ","Right     ",7,0,NULL,NULL,1552815749000,1552815749000
1097676,"111004                                                                                                                                                                                                                                                         ",2019-03-17 09:42:30.000,"Start     ","On        ","On        ",278,"Off       ",0,12.5500002,"On        ","Right     ",4,0,137,49.4000015,95.5400009,30.089798,140,"On        ","Right     ",7,0,NULL,NULL,1552815750000,1552815750000
1097677,"111004                                                                                                                                                                                                                                                         ",2019-03-17 09:42:31.000,"Start     ","On        ","On        ",277,"Off       ",0,12.6499996,"On        ","Right     ",4,0,137,49.5999985,95.5400009,30.1821003,140.1799927,"On        ","Right     ",7,0,NULL,NULL,1552815751000,1552815751000
1097678,"111004                                                                                                                                                                                                                                                         ",2019-03-17 09:42:32.000,"Start     ","On        ","On        ",277,"Off       ",0,12.4499998,"On        ","Right     ",4,0,137,49.5999985,95.5400009,29.9974995,140.1799927,"On        ","Right     ",7,0,NULL,NULL,1552815752000,1552815752000
1097679,"111004                                                                                                                                                                                                                                                         ",2019-03-17 09:42:33.000,"Start     ","On        ","On        ",276,"Off       ",0,12.6499996,"On        ","Right     ",4,0,137,49.7000008,95.7200012,29.905201,140.1799927,"On        ","Right     ",7,0,NULL,NULL,1552815753000,1552815753000
1097680,"111004                                                                                                                                                                                                                                                         ",2019-03-17 09:42:34.000,"Start     ","On        ","On        ",276,"Off       ",0,13.4499998,"On        ","Right     ",4,0,137,49.5,95.5400009,29.8128986,140.3600006,"On        ","Right     ",7,0,NULL,NULL,1552815754000,1552815754000
1097681,"111004                                                                                                                                                                                                                                                         ",2019-03-17 09:42:35.000,"Start     ","On        ","On        ",275,"Off       ",0,14.3999996,"On        ","Right     ",4,0,137,49.5999985,95.7200012,29.6282978,140.3600006,"On        ","Right     ",7,0,NULL,NULL,1552815755000,1552815755000
1097682,"111004                                                                                                                                                                                                                                                         ",2019-03-17 09:42:36.000,"Start     ","On        ","On        ",275,"Off       ",0,13.6499996,"On        ","Right     ",4,0,137,49.5999985,95.5400009,29.8128986,140.1799927,"On        ","Right     ",7,0,NULL,NULL,1552815756000,1552815756000
1097683,"111004                                                                                                                                                                                                                                                         ",2019-03-17 09:42:37.000,"Start     ","On        ","On        ",273,"Off       ",0,12.6999998,"On        ","Right     ",4,0,137,49.5999985,95.5400009,29.8128986,140.3600006,"On        ","Right     ",7,0,NULL,NULL,1552815757000,1552815757000
1097684,"111004                                                                                                                                                                                                                                                         ",2019-03-17 09:42:38.000,"Start     ","On        ","On        ",273,"Off       ",0,14.1000004,"On        ","Right     ",4,0,137,49.7999992,95.7200012,29.7206001,140.3600006,"On        ","Right     ",7,0,NULL,NULL,1552815758000,1552815758000
1097685,"111004                                                                                                                                                                                                                                                         ",2019-03-17 09:42:39.000,"Start     ","On        ","On        ",273,"Off       ",0,12.8500004,"On        ","Right     ",4,0,137,49.7999992,95.7200012,29.5359993,140.3600006,"On        ","Right     ",7,0,NULL,NULL,1552815759000,1552815759000
1097686,"111004                                                                                                                                                                                                                                                         ",2019-03-17 09:42:40.000,"Start     ","On        ","On        ",273,"Off       ",0,12.3500004,"On        ","Right     ",4,0,137,49.7999992,95.5400009,29.2591,140.3600006,"On        ","Right     ",7,0,NULL,NULL,1552815760000,1552815760000
1097687,"111004                                                                                                                                                                                                                                                         ",2019-03-17 09:42:41.000,"Start     ","On        ","On        ",272,"Off       ",0,11.8000002,"On        ","Right     ",4,0,137,49.7000008,95.5400009,29.1667995,140.3600006,"On        ","Right     ",7,0,NULL,NULL,1552815761000,1552815761000
1097688,"111004                                                                                                                                                                                                                                                         ",2019-03-17 09:42:42.000,"Start     ","On        ","On        ",272,"Off       ",0,13.1499996,"On        ","Right     ",4,0,137,49.7000008,95.5400009,29.0744991,140.3600006,"On        ","Right     ",7,0,NULL,NULL,1552815762000,1552815762000
1097689,"111004                                                                                                                                                                                                                                                         ",2019-03-17 09:42:43.000,"Start     ","On        ","On        ",271,"Off       ",0,12.1499996,"On        ","Right     ",4,0,137,49.7000008,95.5400009,28.7975998,140.3600006,"On        ","Right     ",7,0,NULL,NULL,1552815763000,1552815763000
1097690,"111004                                                                                                                                                                                                                                                         ",2019-03-17 09:42:44.000,"Start     ","On        ","On        ",271,"Off       ",0,11.0500002,"On        ","Right     ",4,0,137,49.7000008,95.5400009,28.7053013,140.3600006,"On        ","Right     ",7,0,NULL,NULL,1552815764000,1552815764000
1097691,"111004                                                                                                                                                                                                                                                         ",2019-03-17 09:42:45.000,"Start     ","On        ","On        ",270,"Off       ",0,12.5500002,"On        ","Right     ",4,0,137,49.7999992,95.5400009,28.6130009,140.3600006,"On        ","Right     ",7,0,NULL,NULL,1552815765000,1552815765000
1097692,"111004                                                                                                                                                                                                                                                         ",2019-03-17 09:42:46.000,"Start     ","On        ","On        ",270,"Off       ",0,13.25,"On        ","Right     ",4,0,137,49.7999992,95.7200012,28.7053013,140.3600006,"On        ","Right     ",7,0,NULL,NULL,1552815766000,1552815766000
1097693,"111004                                                                                                                                                                                                                                                         ",2019-03-17 09:42:47.000,"Start     ","On        ","On        ",270,"Off       ",0,12.5500002,"On        ","Right     ",4,0,137,49.5999985,95.7200012,28.5207005,140.3600006,"On        ","Right     ",7,0,NULL,NULL,1552815767000,1552815767000
1097694,"111004                                                                                                                                                                                                                                                         ",2019-03-17 09:42:48.000,"Start     ","On        ","On        ",270,"Off       ",0,12.75,"On        ","Right     ",4,0,137,49.5999985,95.5400009,28.5207005,140.3600006,"On        ","Right     ",7,0,NULL,NULL,1552815768000,1552815768000
1097695,"111004                                                                                                                                                                                                                                                         ",2019-03-17 09:42:49.000,"Start     ","On        ","On        ",270,"Off       ",0,13.1999998,"On        ","Right     ",4,0,137,49.5,95.7200012,28.7975998,140.7200012,"On        ","Right     ",7,0,NULL,NULL,1552815769000,1552815769000
1097696,"111004                                                                                                                                                                                                                                                         ",2019-03-17 09:42:50.000,"Start     ","On        ","On        ",270,"Off       ",0,13.3000002,"On        ","Right     ",4,0,137,49.5999985,95.7200012,28.8899002,140.7200012,"On        ","Right     ",7,0,NULL,NULL,1552815770000,1552815770000
1097697,"111004                                                                                                                                                                                                                                                         ",2019-03-17 09:42:51.000,"Start     ","On        ","On        ",270,"Off       ",0,11.75,"On        ","Right     ",4,0,137,49.7999992,95.5400009,28.7975998,140.7200012,"On        ","Right     ",7,0,NULL,NULL,1552815771000,1552815771000
1097698,"111004                                                                                                                                                                                                                                                         ",2019-03-17 09:42:52.000,"Start     ","On        ","On        ",267,"Off       ",0,10.6999998,"On        ","Right     ",4,0,137,49.7000008,95.7200012,28.7053013,140.7200012,"On        ","Right     ",7,0,NULL,NULL,1552815772000,1552815772000
1097699,"111004                                                                                                                                                                                                                                                         ",2019-03-17 09:42:53.000,"Start     ","On        ","On        ",267,"Off       ",0,11.3000002,"On        ","Right     ",4,0,137,49.7000008,95.7200012,28.7053013,140.7200012,"On        ","Right     ",7,0,NULL,NULL,1552815773000,1552815773000
1097700,"111004                                                                                                                                                                                                                                                         ",2019-03-17 09:42:54.000,"Start     ","On        ","On        ",267,"Off       ",0,13.1499996,"On        ","Right     ",4,0,137,49.7000008,95.7200012,28.4284,140.5399933,"On        ","Right     ",7,0,NULL,NULL,1552815774000,1552815774000
1097701,"111004                                                                                                                                                                                                                                                         ",2019-03-17 09:42:55.000,"Start     ","On        ","On        ",267,"Off       ",0,12.75,"On        ","Right     ",4,0,137,49.5999985,95.7200012,28.3361015,140.7200012,"On        ","Right     ",7,0,NULL,NULL,1552815775000,1552815775000
1097702,"111004                                                                                                                                                                                                                                                         ",2019-03-17 09:42:56.000,"Start     ","On        ","On        ",267,"Off       ",0,12.6499996,"On        ","Right     ",4,0,137,49.5999985,95.5400009,28.3361015,140.7200012,"On        ","Right     ",7,0,NULL,NULL,1552815776000,1552815776000
1097703,"111004                                                                                                                                                                                                                                                         ",2019-03-17 09:42:57.000,"Start     ","On        ","On        ",267,"Off       ",0,13.0500002,"On        ","Right     ",4,0,137,49.5,95.5400009,28.2438011,140.7200012,"On        ","Right     ",7,0,NULL,NULL,1552815777000,1552815777000
1097704,"111004                                                                                                                                                                                                                                                         ",2019-03-17 09:42:58.000,"Start     ","On        ","On        ",266,"Off       ",0,12.1999998,"On        ","Right     ",4,0,137,49.2999992,95.7200012,28.2438011,140.7200012,"On        ","Right     ",7,0,NULL,NULL,1552815778000,1552815778000
1097705,"111004                                                                                                                                                                                                                                                         ",2019-03-17 09:42:59.000,"Start     ","On        ","On        ",266,"Off       ",0,12.3500004,"Off       ","Middle    ",0,0,137,49.2000008,95.5400009,28.3361015,140.7200012,"On        ","Right     ",7,0,NULL,NULL,1552815779000,1552815779000
1097706,"111004                                                                                                                                                                                                                                                         ",2019-03-17 09:43:00.000,"Start     ","On        ","On        ",266,"Off       ",0,13.6999998,"Off       ","Middle    ",0,0,137,49.2999992,95.7200012,28.1515007,140.5399933,"On        ","Right     ",7,0,NULL,NULL,1552815780000,1552815780000
1097707,"111004                                                                                                                                                                                                                                                         ",2019-03-17 09:43:01.000,"Start     ","On        ","On        ",266,"Off       ",0,13.6499996,"Off       ","Middle    ",0,0,137,49.4000015,95.7200012,28.0592003,140.7200012,"On        ","Right     ",7,0,NULL,NULL,1552815781000,1552815781000
1097708,"111004                                                                                                                                                                                                                                                         ",2019-03-17 09:43:02.000,"Start     ","On        ","On        ",266,"Off       ",0,13.0500002,"Off       ","Middle    ",0,0,137,49.7000008,95.5400009,27.9668999,140.7200012,"On        ","Right     ",7,0,NULL,NULL,1552815782000,1552815782000
1097709,"111004                                                                                                                                                                                                                                                         ",2019-03-17 09:43:03.000,"Start     ","On        ","On        ",266,"Off       ",0,12.3999996,"Off       ","Middle    ",0,0,137,49.7000008,95.5400009,27.5053997,140.7200012,"On        ","Right     ",7,0,NULL,NULL,1552815783000,1552815783000
1097710,"111004                                                                                                                                                                                                                                                         ",2019-03-17 09:43:04.000,"Start     ","On        ","On        ",266,"Off       ",0,12.3999996,"Off       ","Middle    ",0,0,137,49.5999985,95.7200012,26.8593006,141.0800018,"On        ","Right     ",7,0,NULL,NULL,1552815784000,1552815784000
1097711,"111004                                                                                                                                                                                                                                                         ",2019-03-17 09:43:05.000,"Start     ","On        ","On        ",264,"Off       ",0,12.6999998,"On        ","Left      ",4,0,137,49.5,95.7200012,25.9363003,141.0800018,"On        ","Right     ",7,0,NULL,NULL,1552815785000,1552815785000
1097712,"111004                                                                                                                                                                                                                                                         ",2019-03-17 09:43:06.000,"Start     ","On        ","On        ",264,"Off       ",0,12.6499996,"On        ","Left      ",4,0,137,49.4000015,95.7200012,25.5671005,141.0800018,"On        ","Right     ",7,0,NULL,NULL,1552815786000,1552815786000
1097713,"111004                                                                                                                                                                                                                                                         ",2019-03-17 09:43:07.000,"Start     ","On        ","On        ",264,"Off       ",0,12.6499996,"On        ","Left      ",4,0,137,49.4000015,95.5400009,25.2901993,141.0800018,"On        ","Right     ",7,0,NULL,NULL,1552815787000,1552815787000
1097714,"111004                                                                                                                                                                                                                                                         ",2019-03-17 09:43:08.000,"Start     ","On        ","On        ",264,"Off       ",0,12.75,"On        ","Left      ",4,0,137,49.0999985,95.5400009,24.5517998,141.0800018,"On        ","Right     ",7,0,NULL,NULL,1552815788000,1552815788000
1097715,"111004                                                                                                                                                                                                                                                         ",2019-03-17 09:43:09.000,"Start     ","On        ","On        ",263,"Off       ",0,12.8000002,"On        ","Left      ",4,0,137,48.9000015,95.5400009,23.5365009,141.0800018,"On        ","Right     ",7,0,NULL,NULL,1552815789000,1552815789000
1097716,"111004                                                                                                                                                                                                                                                         ",2019-03-17 09:43:10.000,"Start     ","On        ","On        ",263,"Off       ",0,11.9499998,"On        ","Left      ",4,0,137,49,95.5400009,23.0750008,141.0800018,"On        ","Right     ",7,0,NULL,NULL,1552815790000,1552815790000
1097717,"111004                                                                                                                                                                                                                                                         ",2019-03-17 09:43:11.000,"Start     ","On        ","On        ",262,"Off       ",0,12.0500002,"On        ","Left      ",4,0,138,49,95.5400009,23.1673012,141.2599945,"On        ","Right     ",7,0,NULL,NULL,1552815791000,1552815791000
1097718,"111004                                                                                                                                                                                                                                                         ",2019-03-17 09:43:12.000,"Start     ","On        ","On        ",262,"Off       ",0,12.8500004,"On        ","Left      ",4,0,138,49,95.7200012,23.6287994,141.2599945,"On        ","Right     ",7,0,NULL,NULL,1552815792000,1552815792000
1097719,"111004                                                                                                                                                                                                                                                         ",2019-03-17 09:43:13.000,"Start     ","On        ","On        ",261,"Off       ",0,12.9499998,"On        ","Left      ",4,0,138,49.0999985,95.5400009,24.5517998,141.4400024,"On        ","Right     ",7,0,NULL,NULL,1552815793000,1552815793000
1097720,"111004                                                                                                                                                                                                                                                         ",2019-03-17 09:43:14.000,"Start     ","On        ","On        ",261,"Off       ",0,11.6000004,"On        ","Left      ",4,0,138,49.0999985,95.5400009,25.5671005,141.2599945,"On        ","Right     ",7,0,NULL,NULL,1552815794000,1552815794000
1097721,"111004                                                                                                                                                                                                                                                         ",2019-03-17 09:43:15.000,"Start     ","On        ","On        ",261,"Off       ",0,12.3500004,"On        ","Left      ",4,0,138,49.2000008,95.7200012,26.2131996,141.4400024,"On        ","Right     ",7,0,NULL,NULL,1552815795000,1552815795000
1097722,"111004                                                                                                                                                                                                                                                         ",2019-03-17 09:43:16.000,"Start     ","On        ","On        ",261,"Off       ",0,12.25,"On        ","Left      ",4,0,138,49.2999992,95.5400009,26.4901009,141.2599945,"On        ","Right     ",7,0,NULL,NULL,1552815796000,1552815796000
1097723,"111004                                                                                                                                                                                                                                                         ",2019-03-17 09:43:17.000,"Start     ","On        ","On        ",260,"Off       ",0,12.3999996,"On        ","Left      ",4,0,138,49.2999992,95.5400009,26.7670002,141.2599945,"On        ","Right     ",7,0,NULL,NULL,1552815797000,1552815797000
1097724,"111004                                                                                                                                                                                                                                                         ",2019-03-17 09:43:18.000,"Start     ","On        ","On        ",260,"Off       ",0,12.5,"On        ","Left      ",4,0,138,49.4000015,95.5400009,26.6746998,141.2599945,"On        ","Right     ",7,0,NULL,NULL,1552815798000,1552815798000
1097725,"111004                                                                                                                                                                                                                                                         ",2019-03-17 09:43:19.000,"Start     ","On        ","On        ",260,"Off       ",0,13.6999998,"On        ","Left      ",4,0,138,49.5,95.7200012,26.7670002,141.2599945,"On        ","Right     ",7,0,NULL,NULL,1552815799000,1552815799000
1097726,"111004                                                                                                                                                                                                                                                         ",2019-03-17 09:43:20.000,"Start     ","On        ","On        ",260,"Off       ",0,13.6499996,"On        ","Left      ",4,0,138,49.5999985,95.5400009,26.8593006,141.2599945,"On        ","Right     ",7,0,NULL,NULL,1552815800000,1552815800000
1097727,"111004                                                                                                                                                                                                                                                         ",2019-03-17 09:43:21.000,"Start     ","On        ","On        ",260,"Off       ",0,11.8500004,"On        ","Left      ",4,0,138,49.7000008,95.7200012,26.951601,141.6199951,"On        ","Right     ",7,0,NULL,NULL,1552815801000,1552815801000
1097728,"111004                                                                                                                                                                                                                                                         ",2019-03-17 09:43:22.000,"Start     ","On        ","On        ",260,"Off       ",0,12,"On        ","Left      ",4,0,138,49.7000008,95.7200012,26.951601,141.2599945,"On        ","Right     ",7,0,NULL,NULL,1552815802000,1552815802000
1097729,"111004                                                                                                                                                                                                                                                         ",2019-03-17 09:43:23.000,"Start     ","On        ","On        ",259,"Off       ",0,11.75,"On        ","Left      ",4,0,138,49.7999992,95.5400009,27.0438995,141.2599945,"On        ","Right     ",7,0,NULL,NULL,1552815803000,1552815803000
1097730,"111004                                                                                                                                                                                                                                                         ",2019-03-17 09:43:24.000,"Start     ","On        ","On        ",259,"Off       ",0,13.8999996,"On        ","Left      ",4,0,138,49.9000015,95.7200012,27.0438995,141.6199951,"On        ","Right     ",7,0,NULL,NULL,1552815804000,1552815804000
1097731,"111004                                                                                                                                                                                                                                                         ",2019-03-17 09:43:25.000,"Start     ","On        ","On        ",258,"Off       ",0,12.25,"On        ","Left      ",4,0,138,49.7999992,95.7200012,27.0438995,141.6199951,"On        ","Right     ",7,0,NULL,NULL,1552815805000,1552815805000
1097732,"111004                                                                                                                                                                                                                                                         ",2019-03-17 09:43:26.000,"Start     ","On        ","On        ",258,"Off       ",0,12.75,"On        ","Left      ",4,0,138,49.9000015,95.7200012,27.1362,141.6199951,"On        ","Right     ",7,0,NULL,NULL,1552815806000,1552815806000
1097733,"111004                                                                                                                                                                                                                                                         ",2019-03-17 09:43:27.000,"Start     ","On        ","On        ",258,"Off       ",0,13.1499996,"On        ","Left      ",4,0,138,49.9000015,95.7200012,26.951601,141.6199951,"On        ","Right     ",7,0,NULL,NULL,1552815807000,1552815807000
1097734,"111004                                                                                                                                                                                                                                                         ",2019-03-17 09:43:28.000,"Start     ","On        ","On        ",258,"Off       ",0,12.4499998,"On        ","Left      ",4,0,138,49.7999992,95.7200012,26.7670002,141.4400024,"On        ","Right     ",7,0,NULL,NULL,1552815808000,1552815808000
1097735,"111004                                                                                                                                                                                                                                                         ",2019-03-17 09:43:29.000,"Start     ","On        ","On        ",257,"Off       ",0,12.0500002,"On        ","Left      ",4,0,138,49.7000008,95.7200012,26.8593006,141.6199951,"On        ","Right     ",7,0,NULL,NULL,1552815809000,1552815809000
1097736,"111004                                                                                                                                                                                                                                                         ",2019-03-17 09:43:30.000,"Start     ","On        ","On        ",257,"Off       ",0,13.6999998,"On        ","Left      ",4,0,138,49.7000008,95.7200012,26.8593006,141.6199951,"On        ","Right     ",7,0,NULL,NULL,1552815810000,1552815810000
1097737,"111004                                                                                                                                                                                                                                                         ",2019-03-17 09:43:31.000,"Start     ","On        ","On        ",256,"Off       ",0,13.1000004,"On        ","Left      ",4,0,138,49.7000008,95.7200012,26.7670002,141.6199951,"On        ","Right     ",7,0,NULL,NULL,1552815811000,1552815811000
1097738,"111004                                                                                                                                                                                                                                                         ",2019-03-17 09:43:32.000,"Start     ","On        ","On        ",256,"Off       ",0,12.0500002,"On        ","Left      ",4,0,138,49.7000008,95.7200012,26.8593006,141.6199951,"On        ","Right     ",7,0,NULL,NULL,1552815812000,1552815812000
1097739,"111004                                                                                                                                                                                                                                                         ",2019-03-17 09:43:33.000,"Start     ","On        ","On        ",256,"Off       ",0,12.9499998,"On        ","Left      ",4,0,138,49.9000015,95.7200012,26.7670002,141.6199951,"On        ","Right     ",7,0,NULL,NULL,1552815813000,1552815813000
1097740,"111004                                                                                                                                                                                                                                                         ",2019-03-17 09:43:34.000,"Start     ","On        ","On        ",256,"Off       ",0,10.6499996,"On        ","Left      ",4,0,138,49.7999992,95.7200012,26.7670002,141.6199951,"On        ","Right     ",7,0,NULL,NULL,1552815814000,1552815814000
1097741,"111004                                                                                                                                                                                                                                                         ",2019-03-17 09:43:35.000,"Start     ","On        ","On        ",256,"Off       ",0,11.4499998,"On        ","Left      ",4,0,138,49.7999992,95.7200012,26.6746998,141.6199951,"On        ","Right     ",7,0,NULL,NULL,1552815815000,1552815815000
1097742,"111004                                                                                                                                                                                                                                                         ",2019-03-17 09:43:36.000,"Start     ","On        ","On        ",256,"Off       ",0,11.9499998,"On        ","Left      ",4,0,138,49.7999992,95.7200012,26.951601,141.8000031,"On        ","Right     ",7,0,NULL,NULL,1552815816000,1552815816000
1097743,"111004                                                                                                                                                                                                                                                         ",2019-03-17 09:43:37.000,"Start     ","On        ","On        ",256,"Off       ",0,12.3500004,"On        ","Left      ",4,0,138,49.7999992,95.7200012,26.7670002,141.8000031,"On        ","Right     ",7,0,NULL,NULL,1552815817000,1552815817000
1097744,"111004                                                                                                                                                                                                                                                         ",2019-03-17 09:43:38.000,"Start     ","On        ","On        ",256,"Off       ",0,12.0500002,"On        ","Left      ",4,0,138,49.9000015,95.7200012,26.3978004,141.6199951,"On        ","Right     ",7,0,NULL,NULL,1552815818000,1552815818000
1097745,"111004                                                                                                                                                                                                                                                         ",2019-03-17 09:43:39.000,"Start     ","On        ","On        ",256,"Off       ",0,15.3999996,"On        ","Left      ",4,0,138,50,95.7200012,26.5823994,141.6199951,"On        ","Right     ",7,0,NULL,NULL,1552815819000,1552815819000
1097746,"111004                                                                                                                                                                                                                                                         ",2019-03-17 09:43:40.000,"Start     ","On        ","On        ",255,"Off       ",0,13.5,"On        ","Left      ",4,0,138,50,95.9000015,26.8593006,141.8000031,"On        ","Right     ",7,0,NULL,NULL,1552815820000,1552815820000
1097747,"111004                                                                                                                                                                                                                                                         ",2019-03-17 09:43:41.000,"Start     ","On        ","On        ",255,"Off       ",0,12.8500004,"On        ","Left      ",4,0,138,49.9000015,95.9000015,26.951601,141.8000031,"On        ","Right     ",7,0,NULL,NULL,1552815821000,1552815821000
1097748,"111004                                                                                                                                                                                                                                                         ",2019-03-17 09:43:42.000,"Start     ","On        ","On        ",254,"Off       ",0,12.8999996,"On        ","Left      ",4,0,138,49.7999992,95.7200012,27.0438995,141.8000031,"On        ","Right     ",7,0,NULL,NULL,1552815822000,1552815822000
1097749,"111004                                                                                                                                                                                                                                                         ",2019-03-17 09:43:43.000,"Start     ","On        ","On        ",254,"Off       ",0,14.25,"On        ","Left      ",4,0,138,49.7999992,95.9000015,27.1362,141.8000031,"On        ","Right     ",7,0,NULL,NULL,1552815823000,1552815823000
1097750,"111004                                                                                                                                                                                                                                                         ",2019-03-17 09:43:44.000,"Start     ","On        ","On        ",253,"Off       ",0,13.1999998,"On        ","Left      ",4,0,138,49.7999992,95.7200012,27.0438995,141.8000031,"On        ","Right     ",7,0,NULL,NULL,1552815824000,1552815824000
1097751,"111004                                                                                                                                                                                                                                                         ",2019-03-17 09:43:45.000,"Start     ","On        ","On        ",253,"Off       ",0,11.4499998,"On        ","Left      ",4,0,138,49.9000015,95.7200012,26.8593006,141.8000031,"On        ","Right     ",7,0,NULL,NULL,1552815825000,1552815825000
1097752,"111004                                                                                                                                                                                                                                                         ",2019-03-17 09:43:46.000,"Start     ","On        ","On        ",253,"Off       ",0,12.3000002,"On        ","Left      ",4,0,138,49.7999992,95.9000015,26.7670002,141.8000031,"On        ","Right     ",7,0,NULL,NULL,1552815826000,1552815826000
1097753,"111004                                                                                                                                                                                                                                                         ",2019-03-17 09:43:47.000,"Start     ","On        ","On        ",253,"Off       ",0,13.3500004,"On        ","Left      ",4,0,138,49.7999992,95.9000015,26.6746998,141.8000031,"On        ","Right     ",7,0,NULL,NULL,1552815827000,1552815827000
1097754,"111004                                                                                                                                                                                                                                                         ",2019-03-17 09:43:48.000,"Start     ","On        ","On        ",253,"Off       ",0,11.5,"Off       ","Middle    ",0,0,138,49.7000008,95.7200012,26.5823994,141.8000031,"On        ","Right     ",7,0,NULL,NULL,1552815828000,1552815828000
1097755,"111004                                                                                                                                                                                                                                                         ",2019-03-17 09:43:49.000,"Start     ","On        ","On        ",253,"Off       ",0,11.9499998,"Off       ","Middle    ",0,0,138,49.7000008,95.9000015,26.3978004,141.8000031,"On        ","Right     ",7,0,NULL,NULL,1552815829000,1552815829000
1097756,"111004                                                                                                                                                                                                                                                         ",2019-03-17 09:43:50.000,"Start     ","On        ","On        ",253,"Off       ",0,12.3500004,"Off       ","Middle    ",0,0,138,49.7999992,95.7200012,26.5823994,141.8000031,"On        ","Right     ",7,0,NULL,NULL,1552815830000,1552815830000
1097757,"111004                                                                                                                                                                                                                                                         ",2019-03-17 09:43:51.000,"Start     ","On        ","On        ",253,"Off       ",0,12.4499998,"Off       ","Middle    ",0,0,138,49.7999992,95.9000015,26.3978004,141.8000031,"On        ","Right     ",7,0,NULL,NULL,1552815831000,1552815831000
1097758,"111004                                                                                                                                                                                                                                                         ",2019-03-17 09:43:52.000,"Start     ","On        ","On        ",253,"Off       ",0,12.25,"Off       ","Middle    ",0,0,138,49.7999992,95.9000015,26.1208992,141.8000031,"On        ","Right     ",7,0,NULL,NULL,1552815832000,1552815832000
1097759,"111004                                                                                                                                                                                                                                                         ",2019-03-17 09:43:53.000,"Start     ","On        ","On        ",253,"Off       ",0,12.5500002,"Off       ","Middle    ",0,0,138,49.7000008,95.9000015,25.9363003,141.8000031,"On        ","Right     ",7,0,NULL,NULL,1552815833000,1552815833000
1097760,"111004                                                                                                                                                                                                                                                         ",2019-03-17 09:43:54.000,"Start     ","On        ","On        ",253,"Off       ",0,12.3999996,"Off       ","Middle    ",0,0,138,49.5,95.9000015,25.1056004,141.8000031,"On        ","Right     ",7,0,NULL,NULL,1552815834000,1552815834000
1097761,"111004                                                                                                                                                                                                                                                         ",2019-03-17 09:43:55.000,"Start     ","On        ","On        ",252,"Off       ",0,12.5,"Off       ","Middle    ",0,0,138,49.5,95.9000015,24.0902996,141.8000031,"On        ","Right     ",7,0,NULL,NULL,1552815835000,1552815835000
1097762,"111004                                                                                                                                                                                                                                                         ",2019-03-17 09:43:56.000,"Start     ","On        ","On        ",252,"Off       ",0,12.4499998,"Off       ","Middle    ",0,0,138,49.2999992,95.9000015,23.1673012,142.1600037,"On        ","Right     ",7,0,NULL,NULL,1552815836000,1552815836000
1097763,"111004                                                                                                                                                                                                                                                         ",2019-03-17 09:43:57.000,"Start     ","On        ","On        ",252,"Off       ",0,12.4499998,"On        ","Right     ",4,0,138,49.0999985,95.9000015,22.3366013,142.1600037,"On        ","Right     ",7,0,NULL,NULL,1552815837000,1552815837000
1097764,"111004                                                                                                                                                                                                                                                         ",2019-03-17 09:43:58.000,"Start     ","On        ","On        ",252,"Off       ",0,12.4499998,"On        ","Right     ",4,0,138,49,95.9000015,21.7828007,142.1600037,"On        ","Right     ",7,0,NULL,NULL,1552815838000,1552815838000
1097765,"111004                                                                                                                                                                                                                                                         ",2019-03-17 09:43:59.000,"Start     ","On        ","On        ",252,"Off       ",0,12.4499998,"On        ","Right     ",4,0,138,49,95.9000015,21.3213005,141.9799957,"On        ","Right     ",7,0,NULL,NULL,1552815839000,1552815839000
1097771,"111004                                                                                                                                                                                                                                                         ",2019-03-17 09:44:00.000,"Start     ","On        ","On        ",252,"Off       ",0,12.6000004,"On        ","Right     ",4,0,138,48.9000015,95.9000015,21.0443993,142.1600037,"On        ","Right     ",7,0,NULL,NULL,1552815840000,1552815840000
1097767,"111004                                                                                                                                                                                                                                                         ",2019-03-17 09:44:01.000,"Start     ","On        ","On        ",252,"Off       ",0,12.1999998,"On        ","Right     ",4,0,138,48.7999992,95.9000015,20.9521008,142.1600037,"On        ","Right     ",7,0,NULL,NULL,1552815841000,1552815841000
1097768,"111004                                                                                                                                                                                                                                                         ",2019-03-17 09:44:02.000,"Start     ","On        ","On        ",252,"Off       ",0,13.1000004,"On        ","Right     ",4,0,138,48.9000015,95.7200012,21.0443993,142.1600037,"On        ","Right     ",7,0,NULL,NULL,1552815842000,1552815842000
1097774,"111004                                                                                                                                                                                                                                                         ",2019-03-17 09:44:03.000,"Start     ","On        ","On        ",253,"Off       ",0,12.8999996,"On        ","Right     ",4,0,138,48.7999992,95.9000015,21.7828007,142.1600037,"On        ","Right     ",7,0,NULL,NULL,1552815843000,1552815843000
1097773,"111004                                                                                                                                                                                                                                                         ",2019-03-17 09:44:04.000,"Start     ","On        ","On        ",253,"Off       ",0,12.4499998,"On        ","Right     ",4,0,138,48.9000015,95.9000015,22.6135006,142.1600037,"On        ","Right     ",7,0,NULL,NULL,1552815844000,1552815844000
1097769,"111004                                                                                                                                                                                                                                                         ",2019-03-17 09:44:05.000,"Start     ","On        ","On        ",253,"Off       ",0,12.3999996,"On        ","Right     ",4,0,138,49,95.9000015,23.4442005,142.5200043,"On        ","Right     ",7,0,NULL,NULL,1552815845000,1552815845000
1097766,"111004                                                                                                                                                                                                                                                         ",2019-03-17 09:44:06.000,"Start     ","On        ","On        ",253,"Off       ",0,12.9499998,"On        ","Right     ",4,0,138,49.0999985,95.9000015,24.1826,142.5200043,"On        ","Right     ",7,0,NULL,NULL,1552815846000,1552815846000
1097770,"111004                                                                                                                                                                                                                                                         ",2019-03-17 09:44:07.000,"Start     ","On        ","On        ",253,"Off       ",0,13.0500002,"On        ","Right     ",4,0,138,49.0999985,95.9000015,24.8286991,142.1600037,"On        ","Right     ",7,0,NULL,NULL,1552815847000,1552815847000
1097772,"111004                                                                                                                                                                                                                                                         ",2019-03-17 09:44:08.000,"Start     ","On        ","On        ",253,"Off       ",0,12.0500002,"On        ","Right     ",4,0,138,49.2000008,95.9000015,25.0132999,142.5200043,"On        ","Right     ",7,0,NULL,NULL,1552815848000,1552815848000
1097775,"111004                                                                                                                                                                                                                                                         ",2019-03-17 09:44:09.000,"Start     ","On        ","On        ",253,"Off       ",0,12.3500004,"On        ","Right     ",4,0,138,49.2000008,95.9000015,24.8286991,142.5200043,"On        ","Right     ",7,0,NULL,NULL,1552815849000,1552815849000
1097776,"111004                                                                                                                                                                                                                                                         ",2019-03-17 09:44:10.000,"Start     ","On        ","On        ",253,"Off       ",0,12.0500002,"On        ","Right     ",4,0,139,49.4000015,95.9000015,25.0132999,142.5200043,"On        ","Right     ",7,0,NULL,NULL,1552815850000,1552815850000
1097777,"111004                                                                                                                                                                                                                                                         ",2019-03-17 09:44:11.000,"Start     ","On        ","On        ",253,"Off       ",0,12.9499998,"On        ","Right     ",4,0,139,49.4000015,96.0799942,25.2901993,142.5200043,"On        ","Right     ",7,0,NULL,NULL,1552815851000,1552815851000
1097778,"111004                                                                                                                                                                                                                                                         ",2019-03-17 09:44:12.000,"Start     ","On        ","On        ",253,"Off       ",0,12.1499996,"On        ","Right     ",4,0,139,49.2000008,95.9000015,25.4748001,142.5200043,"On        ","Right     ",7,0,NULL,NULL,1552815852000,1552815852000
1097784,"111004                                                                                                                                                                                                                                                         ",2019-03-17 09:44:13.000,"Start     ","On        ","On        ",253,"Off       ",0,11.8000002,"On        ","Right     ",4,0,138,49.0999985,95.9000015,25.5671005,142.5200043,"On        ","Right     ",7,0,NULL,NULL,1552815853000,1552815853000
1097779,"111004                                                                                                                                                                                                                                                         ",2019-03-17 09:44:14.000,"Start     ","On        ","On        ",253,"Off       ",0,12.0500002,"On        ","Right     ",4,0,138,49.4000015,95.9000015,25.7516994,142.5200043,"On        ","Right     ",7,0,NULL,NULL,1552815854000,1552815854000
1097787,"111004                                                                                                                                                                                                                                                         ",2019-03-17 09:44:15.000,"Start     ","On        ","On        ",253,"Off       ",0,11.75,"On        ","Right     ",4,0,138,49.5,95.9000015,25.7516994,142.5200043,"On        ","Right     ",7,0,NULL,NULL,1552815855000,1552815855000
1097786,"111004                                                                                                                                                                                                                                                         ",2019-03-17 09:44:16.000,"Start     ","On        ","On        ",253,"Off       ",0,12.8000002,"On        ","Right     ",4,0,138,49.2999992,95.7200012,25.9363003,142.5200043,"On        ","Right     ",7,0,NULL,NULL,1552815856000,1552815856000
1097782,"111004                                                                                                                                                                                                                                                         ",2019-03-17 09:44:17.000,"Start     ","On        ","On        ",253,"Off       ",0,11.6000004,"On        ","Right     ",4,0,138,49.2999992,95.9000015,25.8439999,142.5200043,"On        ","Right     ",7,0,NULL,NULL,1552815857000,1552815857000
1097785,"111004                                                                                                                                                                                                                                                         ",2019-03-17 09:44:18.000,"Start     ","On        ","On        ",253,"Off       ",0,12.6000004,"On        ","Right     ",4,0,138,49.2999992,95.9000015,26.0286007,142.5200043,"On        ","Right     ",7,0,NULL,NULL,1552815858000,1552815858000
1097783,"111004                                                                                                                                                                                                                                                         ",2019-03-17 09:44:19.000,"Start     ","On        ","On        ",253,"Off       ",0,12.1499996,"On        ","Right     ",4,0,138,49.2999992,95.9000015,26.0286007,142.5200043,"On        ","Right     ",7,0,NULL,NULL,1552815859000,1552815859000
1097780,"111004                                                                                                                                                                                                                                                         ",2019-03-17 09:44:20.000,"Start     ","On        ","On        ",253,"Off       ",0,11.8500004,"On        ","Right     ",4,0,138,49.2999992,96.0799942,25.8439999,142.1600037,"On        ","Right     ",7,0,NULL,NULL,1552815860000,1552815860000
1097781,"111004                                                                                                                                                                                                                                                         ",2019-03-17 09:44:21.000,"Start     ","On        ","On        ",253,"Off       ",0,13.25,"On        ","Right     ",4,0,138,49.4000015,96.0799942,25.4748001,142.5200043,"On        ","Right     ",7,0,NULL,NULL,1552815861000,1552815861000
1097788,"111004                                                                                                                                                                                                                                                         ",2019-03-17 09:44:22.000,"Start     ","On        ","On        ",253,"Off       ",0,12.1000004,"On        ","Right     ",4,0,138,49.2999992,96.0799942,25.4748001,142.5200043,"On        ","Right     ",7,0,NULL,NULL,1552815862000,1552815862000
1097789,"111004                                                                                                                                                                                                                                                         ",2019-03-17 09:44:23.000,"Start     ","On        ","On        ",253,"Off       ",0,14.6999998,"On        ","Right     ",4,0,138,49.2999992,96.0799942,25.2901993,142.5200043,"On        ","Right     ",7,0,NULL,NULL,1552815863000,1552815863000
1097790,"111004                                                                                                                                                                                                                                                         ",2019-03-17 09:44:24.000,"Start     ","On        ","On        ",253,"Off       ",0,11.25,"On        ","Right     ",4,0,138,49.4000015,95.9000015,25.1056004,142.5200043,"On        ","Right     ",7,0,NULL,NULL,1552815864000,1552815864000
1097791,"111004                                                                                                                                                                                                                                                         ",2019-03-17 09:44:25.000,"Start     ","On        ","On        ",253,"Off       ",0,11.5,"On        ","Right     ",4,0,138,49.4000015,96.0799942,25.0132999,142.5200043,"On        ","Right     ",7,0,NULL,NULL,1552815865000,1552815865000
1097792,"111004                                                                                                                                                                                                                                                         ",2019-03-17 09:44:26.000,"Start     ","On        ","On        ",253,"Off       ",0,11.1000004,"On        ","Right     ",4,0,138,49.4000015,95.9000015,25.1056004,142.5200043,"On        ","Right     ",7,0,NULL,NULL,1552815866000,1552815866000
1097793,"111004                                                                                                                                                                                                                                                         ",2019-03-17 09:44:27.000,"Start     ","On        ","On        ",253,"Off       ",0,14.1499996,"On        ","Right     ",4,0,138,49.4000015,95.9000015,25.0132999,142.5200043,"On        ","Right     ",7,0,NULL,NULL,1552815867000,1552815867000
1097794,"111004                                                                                                                                                                                                                                                         ",2019-03-17 09:44:28.000,"Start     ","On        ","On        ",253,"Off       ",0,13.4499998,"On        ","Right     ",4,0,138,49.4000015,96.0799942,24.9209995,142.5200043,"On        ","Right     ",7,0,NULL,NULL,1552815868000,1552815868000
1097795,"111004                                                                                                                                                                                                                                                         ",2019-03-17 09:44:29.000,"Start     ","On        ","On        ",252,"Off       ",0,12.1499996,"On        ","Right     ",4,0,138,49.4000015,96.0799942,24.4594994,142.3399963,"On        ","Right     ",7,0,NULL,NULL,1552815869000,1552815869000
1097796,"111004                                                                                                                                                                                                                                                         ",2019-03-17 09:44:30.000,"Start     ","On        ","On        ",252,"Off       ",0,12.3999996,"On        ","Right     ",4,0,138,49.4000015,95.9000015,24.4594994,142.3399963,"On        ","Right     ",7,0,NULL,NULL,1552815870000,1552815870000
1097797,"111004                                                                                                                                                                                                                                                         ",2019-03-17 09:44:31.000,"Start     ","On        ","On        ",252,"Off       ",0,11.8000002,"On        ","Right     ",4,0,138,49.2000008,96.0799942,24.5517998,142.5200043,"On        ","Right     ",7,0,NULL,NULL,1552815871000,1552815871000
1097798,"111004                                                                                                                                                                                                                                                         ",2019-03-17 09:44:32.000,"Start     ","On        ","On        ",252,"Off       ",0,12.1000004,"On        ","Right     ",4,0,138,49.0999985,96.0799942,24.6441002,142.5200043,"On        ","Right     ",7,0,NULL,NULL,1552815872000,1552815872000
1097799,"111004                                                                                                                                                                                                                                                         ",2019-03-17 09:44:33.000,"Start     ","On        ","On        ",251,"Off       ",0,13.25,"On        ","Right     ",4,0,138,49,96.0799942,24.5517998,142.5200043,"On        ","Right     ",7,0,NULL,NULL,1552815873000,1552815873000
1097800,"111004                                                                                                                                                                                                                                                         ",2019-03-17 09:44:34.000,"Start     ","On        ","On        ",251,"Off       ",0,12.1999998,"On        ","Right     ",4,0,138,49.0999985,95.9000015,24.3671989,142.5200043,"On        ","Right     ",7,0,NULL,NULL,1552815874000,1552815874000
1097801,"111004                                                                                                                                                                                                                                                         ",2019-03-17 09:44:35.000,"Start     ","On        ","On        ",251,"Off       ",0,11.8500004,"On        ","Right     ",4,0,138,49.2000008,96.0799942,24.3671989,142.5200043,"On        ","Right     ",7,0,NULL,NULL,1552815875000,1552815875000
1097802,"111004                                                                                                                                                                                                                                                         ",2019-03-17 09:44:36.000,"Start     ","On        ","On        ",251,"Off       ",0,12.1499996,"On        ","Right     ",4,0,138,49.2000008,96.0799942,24.3671989,142.5200043,"On        ","Right     ",7,0,NULL,NULL,1552815876000,1552815876000
1097803,"111004                                                                                                                                                                                                                                                         ",2019-03-17 09:44:37.000,"Start     ","On        ","On        ",251,"Off       ",0,13.6499996,"On        ","Right     ",4,0,138,49.2000008,96.0799942,24.3671989,142.5200043,"On        ","Right     ",7,0,NULL,NULL,1552815877000,1552815877000
1097804,"111004                                                                                                                                                                                                                                                         ",2019-03-17 09:44:38.000,"Start     ","On        ","On        ",251,"Off       ",0,12.1499996,"On        ","Right     ",4,0,138,49.0999985,96.0799942,24.1826,142.8800049,"On        ","Right     ",7,0,NULL,NULL,1552815878000,1552815878000
1097805,"111004                                                                                                                                                                                                                                                         ",2019-03-17 09:44:39.000,"Start     ","On        ","On        ",251,"Off       ",0,13.6999998,"On        ","Right     ",4,0,138,49.0999985,95.9000015,24.1826,142.5200043,"On        ","Right     ",7,0,NULL,NULL,1552815879000,1552815879000
1097806,"111004                                                                                                                                                                                                                                                         ",2019-03-17 09:44:40.000,"Start     ","On        ","On        ",251,"Off       ",0,12.9499998,"Off       ","Middle    ",0,0,138,49.0999985,96.0799942,23.9979992,142.5200043,"On        ","Right     ",7,0,NULL,NULL,1552815880000,1552815880000
1097807,"111004                                                                                                                                                                                                                                                         ",2019-03-17 09:44:41.000,"Start     ","On        ","On        ",250,"Off       ",0,12.3999996,"Off       ","Middle    ",0,0,138,49.0999985,96.0799942,23.9056988,142.5200043,"On        ","Right     ",7,0,NULL,NULL,1552815881000,1552815881000
1097808,"111004                                                                                                                                                                                                                                                         ",2019-03-17 09:44:42.000,"Start     ","On        ","On        ",250,"Off       ",0,12.3000002,"Off       ","Middle    ",0,0,138,49,96.0799942,23.7210999,142.5200043,"On        ","Right     ",7,0,NULL,NULL,1552815882000,1552815882000
1097809,"111004                                                                                                                                                                                                                                                         ",2019-03-17 09:44:43.000,"Start     ","On        ","On        ",251,"Off       ",0,12.8999996,"Off       ","Middle    ",0,0,138,49,96.0799942,23.5365009,142.8800049,"On        ","Right     ",7,0,NULL,NULL,1552815883000,1552815883000
1097810,"111004                                                                                                                                                                                                                                                         ",2019-03-17 09:44:44.000,"Start     ","On        ","On        ",251,"Off       ",0,13.1499996,"Off       ","Middle    ",0,0,138,49,96.0799942,22.9827003,142.5200043,"On        ","Right     ",7,0,NULL,NULL,1552815884000,1552815884000
1097811,"111004                                                                                                                                                                                                                                                         ",2019-03-17 09:44:45.000,"Start     ","On        ","On        ",250,"Off       ",0,12.1499996,"Off       ","Middle    ",0,0,138,48.9000015,96.0799942,22.7981014,142.5200043,"On        ","Right     ",7,0,NULL,NULL,1552815885000,1552815885000
1097812,"111004                                                                                                                                                                                                                                                         ",2019-03-17 09:44:46.000,"Start     ","On        ","On        ",250,"Off       ",0,12.3500004,"On        ","Left      ",4,0,138,48.7000008,96.0799942,22.0597,142.5200043,"On        ","Right     ",7,0,NULL,NULL,1552815886000,1552815886000
1097813,"111004                                                                                                                                                                                                                                                         ",2019-03-17 09:44:47.000,"Start     ","On        ","On        ",249,"Off       ",0,12.3000002,"On        ","Left      ",4,0,138,48.5999985,96.0799942,21.2290001,142.5200043,"On        ","Right     ",7,0,NULL,NULL,1552815887000,1552815887000
1097814,"111004                                                                                                                                                                                                                                                         ",2019-03-17 09:44:48.000,"Start     ","On        ","On        ",249,"Off       ",0,12.3000002,"On        ","Left      ",4,0,138,48.5,96.0799942,20.4906006,142.8800049,"On        ","Right     ",7,0,NULL,NULL,1552815888000,1552815888000
1097815,"111004                                                                                                                                                                                                                                                         ",2019-03-17 09:44:49.000,"Start     ","On        ","On        ",248,"Off       ",0,12.3500004,"On        ","Left      ",4,0,138,48.2999992,96.0799942,20.2136993,142.6999969,"On        ","Right     ",7,0,NULL,NULL,1552815889000,1552815889000
1097816,"111004                                                                                                                                                                                                                                                         ",2019-03-17 09:44:50.000,"Start     ","On        ","On        ",248,"Off       ",0,12.25,"On        ","Left      ",4,0,138,48.2000008,96.0799942,19.8444996,142.8800049,"On        ","Right     ",7,0,NULL,NULL,1552815890000,1552815890000
1097817,"111004                                                                                                                                                                                                                                                         ",2019-03-17 09:44:51.000,"Start     ","On        ","On        ",248,"Off       ",0,12.75,"On        ","Left      ",4,0,138,48.2000008,96.0799942,19.8444996,142.6999969,"On        ","Right     ",7,0,NULL,NULL,1552815891000,1552815891000
1097818,"111004                                                                                                                                                                                                                                                         ",2019-03-17 09:44:52.000,"Start     ","On        ","On        ",248,"Off       ",0,12.6499996,"On        ","Left      ",4,0,138,48.2000008,96.0799942,20.0291004,142.6999969,"On        ","Right     ",7,0,NULL,NULL,1552815892000,1552815892000
1097819,"111004                                                                                                                                                                                                                                                         ",2019-03-17 09:44:53.000,"Start     ","On        ","On        ",247,"Off       ",0,12.3000002,"On        ","Left      ",4,0,138,48.2000008,96.0799942,20.6751995,142.8800049,"On        ","Right     ",7,0,NULL,NULL,1552815893000,1552815893000
1097820,"111004                                                                                                                                                                                                                                                         ",2019-03-17 09:44:54.000,"Start     ","On        ","On        ",247,"Off       ",0,12.75,"On        ","Left      ",4,0,138,48.2000008,96.0799942,21.6905003,142.6999969,"On        ","Right     ",7,0,NULL,NULL,1552815894000,1552815894000
1097821,"111004                                                                                                                                                                                                                                                         ",2019-03-17 09:44:55.000,"Start     ","On        ","On        ",246,"Off       ",0,12.0500002,"On        ","Left      ",4,0,139,48.2000008,96.2600021,22.4288998,142.6999969,"On        ","Right     ",7,0,NULL,NULL,1552815895000,1552815895000
1097822,"111004                                                                                                                                                                                                                                                         ",2019-03-17 09:44:56.000,"Start     ","On        ","On        ",246,"Off       ",0,11.4499998,"On        ","Left      ",4,0,139,48.2999992,96.0799942,22.9827003,142.8800049,"On        ","Right     ",7,0,NULL,NULL,1552815896000,1552815896000
1097823,"111004                                                                                                                                                                                                                                                         ",2019-03-17 09:44:57.000,"Start     ","On        ","On        ",246,"Off       ",0,11.9499998,"On        ","Left      ",4,0,139,48.4000015,96.0799942,23.3519001,142.8800049,"On        ","Right     ",7,0,NULL,NULL,1552815897000,1552815897000
1097824,"111004                                                                                                                                                                                                                                                         ",2019-03-17 09:44:58.000,"Start     ","On        ","On        ",246,"Off       ",0,12.25,"On        ","Left      ",4,0,139,48.2999992,96.2600021,23.5365009,142.8800049,"On        ","Right     ",7,0,NULL,NULL,1552815898000,1552815898000
1097825,"111004                                                                                                                                                                                                                                                         ",2019-03-17 09:44:59.000,"Start     ","On        ","On        ",246,"Off       ",0,13.3000002,"On        ","Left      ",4,0,139,48.2999992,96.0799942,23.4442005,142.8800049,"On        ","Right     ",7,0,NULL,NULL,1552815899000,1552815899000
1097826,"111004                                                                                                                                                                                                                                                         ",2019-03-17 09:45:00.000,"Start     ","On        ","On        ",246,"Off       ",0,13.6999998,"On        ","Left      ",4,0,139,48.5,96.2600021,23.3519001,142.8800049,"On        ","Right     ",7,0,NULL,NULL,1552815900000,1552815900000
1097827,"111004                                                                                                                                                                                                                                                         ",2019-03-17 09:45:01.000,"Start     ","On        ","On        ",246,"Off       ",0,12.3500004,"On        ","Left      ",4,0,139,48.4000015,96.2600021,23.6287994,142.8800049,"On        ","Right     ",7,0,NULL,NULL,1552815901000,1552815901000
1097828,"111004                                                                                                                                                                                                                                                         ",2019-03-17 09:45:02.000,"Start     ","On        ","On        ",246,"Off       ",0,10.8500004,"On        ","Left      ",4,0,139,48.5,96.0799942,23.7210999,142.6999969,"On        ","Right     ",7,0,NULL,NULL,1552815902000,1552815902000
1097829,"111004                                                                                                                                                                                                                                                         ",2019-03-17 09:45:03.000,"Start     ","On        ","On        ",246,"Off       ",0,12.0500002,"On        ","Left      ",4,0,139,48.5,96.2600021,23.7210999,142.8800049,"On        ","Right     ",7,0,NULL,NULL,1552815903000,1552815903000
1097830,"111004                                                                                                                                                                                                                                                         ",2019-03-17 09:45:04.000,"Start     ","On        ","On        ",246,"Off       ",0,11.6499996,"On        ","Left      ",4,0,138,48.2999992,96.2600021,23.6287994,142.6999969,"On        ","Right     ",7,0,NULL,NULL,1552815904000,1552815904000
1097831,"111004                                                                                                                                                                                                                                                         ",2019-03-17 09:45:05.000,"Start     ","On        ","On        ",246,"Off       ",0,12.0500002,"On        ","Left      ",4,0,138,48.2999992,96.0799942,23.3519001,142.6999969,"On        ","Right     ",7,0,NULL,NULL,1552815905000,1552815905000
1097832,"111004                                                                                                                                                                                                                                                         ",2019-03-17 09:45:06.000,"Start     ","On        ","On        ",246,"Off       ",0,10.8000002,"On        ","Left      ",4,0,138,48.2000008,96.2600021,23.1673012,142.8800049,"On        ","Right     ",7,0,NULL,NULL,1552815906000,1552815906000
1097833,"111004                                                                                                                                                                                                                                                         ",2019-03-17 09:45:07.000,"Start     ","On        ","On        ",246,"Off       ",0,10.6999998,"On        ","Left      ",4,0,138,48.2999992,96.0799942,23.0750008,142.8800049,"On        ","Right     ",7,0,NULL,NULL,1552815907000,1552815907000
1097834,"111004                                                                                                                                                                                                                                                         ",2019-03-17 09:45:08.000,"Start     ","On        ","On        ",245,"Off       ",0,12.4499998,"On        ","Left      ",4,0,138,48.2000008,96.2600021,23.0750008,143.0599976,"On        ","Right     ",7,0,NULL,NULL,1552815908000,1552815908000
1097835,"111004                                                                                                                                                                                                                                                         ",2019-03-17 09:45:09.000,"Start     ","On        ","On        ",245,"Off       ",0,13.6499996,"On        ","Left      ",4,0,138,48.2999992,96.0799942,23.2596016,143.2400055,"On        ","Right     ",7,0,NULL,NULL,1552815909000,1552815909000
1097836,"111004                                                                                                                                                                                                                                                         ",2019-03-17 09:45:10.000,"Start     ","On        ","On        ",245,"Off       ",0,12.5,"On        ","Left      ",4,0,138,48.2000008,96.0799942,23.5365009,142.6999969,"On        ","Right     ",7,0,NULL,NULL,1552815910000,1552815910000
1097837,"111004                                                                                                                                                                                                                                                         ",2019-03-17 09:45:11.000,"Start     ","On        ","On        ",245,"Off       ",0,11.8999996,"On        ","Left      ",4,0,138,48.2000008,96.2600021,23.4442005,143.0599976,"On        ","Right     ",7,0,NULL,NULL,1552815911000,1552815911000
1097838,"111004                                                                                                                                                                                                                                                         ",2019-03-17 09:45:12.000,"Start     ","On        ","On        ",244,"Off       ",0,12.6499996,"On        ","Left      ",4,0,138,48.2000008,96.2600021,23.4442005,142.8800049,"On        ","Right     ",7,0,NULL,NULL,1552815912000,1552815912000
1097839,"111004                                                                                                                                                                                                                                                         ",2019-03-17 09:45:13.000,"Start     ","On        ","On        ",244,"Off       ",0,12.8999996,"On        ","Left      ",4,0,138,48.0999985,96.2600021,23.4442005,143.2400055,"On        ","Right     ",7,0,NULL,NULL,1552815913000,1552815913000
1097840,"111004                                                                                                                                                                                                                                                         ",2019-03-17 09:45:14.000,"Start     ","On        ","On        ",245,"Off       ",0,11.6499996,"On        ","Left      ",4,0,138,48.0999985,96.2600021,23.4442005,142.6999969,"On        ","Right     ",7,0,NULL,NULL,1552815914000,1552815914000
1097841,"111004                                                                                                                                                                                                                                                         ",2019-03-17 09:45:15.000,"Start     ","On        ","On        ",245,"Off       ",0,12.0500002,"On        ","Left      ",4,0,138,48.0999985,96.2600021,23.5365009,142.8800049,"On        ","Right     ",7,0,NULL,NULL,1552815915000,1552815915000
1097842,"111004                                                                                                                                                                                                                                                         ",2019-03-17 09:45:16.000,"Start     ","On        ","On        ",245,"Off       ",0,11.8500004,"On        ","Left      ",4,0,138,48.0999985,96.4400024,23.5365009,143.0599976,"On        ","Right     ",7,0,NULL,NULL,1552815916000,1552815916000
1097843,"111004                                                                                                                                                                                                                                                         ",2019-03-17 09:45:17.000,"Start     ","On        ","On        ",244,"Off       ",0,11.25,"On        ","Left      ",4,0,138,48.2000008,96.2600021,23.4442005,142.8800049,"On        ","Right     ",7,0,NULL,NULL,1552815917000,1552815917000
1097844,"111004                                                                                                                                                                                                                                                         ",2019-03-17 09:45:18.000,"Start     ","On        ","On        ",244,"Off       ",0,11.6000004,"On        ","Left      ",4,0,138,48.2000008,96.2600021,23.3519001,142.6999969,"On        ","Right     ",7,0,NULL,NULL,1552815918000,1552815918000
1097845,"111004                                                                                                                                                                                                                                                         ",2019-03-17 09:45:19.000,"Start     ","On        ","On        ",243,"Off       ",0,12.5,"On        ","Left      ",4,0,138,48.0999985,96.2600021,23.1673012,142.6999969,"On        ","Right     ",7,0,NULL,NULL,1552815919000,1552815919000
1097846,"111004                                                                                                                                                                                                                                                         ",2019-03-17 09:45:20.000,"Start     ","On        ","On        ",243,"Off       ",0,12.4499998,"On        ","Left      ",4,0,138,48.0999985,96.4400024,23.2596016,142.8800049,"On        ","Right     ",7,0,NULL,NULL,1552815920000,1552815920000
1097847,"111004                                                                                                                                                                                                                                                         ",2019-03-17 09:45:21.000,"Start     ","On        ","On        ",243,"Off       ",0,12.3500004,"On        ","Left      ",4,0,138,48,96.4400024,23.4442005,143.0599976,"On        ","Right     ",7,0,NULL,NULL,1552815921000,1552815921000
1097848,"111004                                                                                                                                                                                                                                                         ",2019-03-17 09:45:22.000,"Start     ","On        ","On        ",243,"Off       ",0,12.3000002,"On        ","Left      ",4,0,138,48,96.4400024,23.4442005,142.6999969,"On        ","Right     ",7,0,NULL,NULL,1552815922000,1552815922000
1097849,"111004                                                                                                                                                                                                                                                         ",2019-03-17 09:45:23.000,"Start     ","On        ","On        ",243,"Off       ",0,12.6999998,"On        ","Left      ",4,0,138,48.0999985,96.2600021,23.4442005,142.8800049,"On        ","Right     ",7,0,NULL,NULL,1552815923000,1552815923000
1097850,"111004                                                                                                                                                                                                                                                         ",2019-03-17 09:45:24.000,"Start     ","On        ","On        ",243,"Off       ",0,12.6999998,"On        ","Left      ",4,0,138,48.2000008,96.2600021,23.4442005,143.0599976,"On        ","Right     ",7,0,NULL,NULL,1552815924000,1552815924000
1097851,"111004                                                                                                                                                                                                                                                         ",2019-03-17 09:45:25.000,"Start     ","On        ","On        ",243,"Off       ",0,12.25,"On        ","Left      ",4,0,138,48.2000008,96.2600021,23.3519001,142.6999969,"On        ","Right     ",7,0,NULL,NULL,1552815925000,1552815925000
1097852,"111004                                                                                                                                                                                                                                                         ",2019-03-17 09:45:26.000,"Start     ","On        ","On        ",243,"Off       ",0,11.6499996,"On        ","Left      ",4,0,138,48,96.2600021,23.1673012,143.0599976,"On        ","Right     ",7,0,NULL,NULL,1552815926000,1552815926000
1097853,"111004                                                                                                                                                                                                                                                         ",2019-03-17 09:45:27.000,"Start     ","On        ","On        ",243,"Off       ",0,11.6000004,"On        ","Left      ",4,0,138,48,96.2600021,23.0750008,142.8800049,"On        ","Right     ",7,0,NULL,NULL,1552815927000,1552815927000
1097854,"111004                                                                                                                                                                                                                                                         ",2019-03-17 09:45:28.000,"Start     ","On        ","On        ",243,"Off       ",0,13.25,"On        ","Left      ",4,0,138,47.9000015,96.2600021,23.0750008,142.6999969,"On        ","Right     ",7,0,NULL,NULL,1552815928000,1552815928000
1097855,"111004                                                                                                                                                                                                                                                         ",2019-03-17 09:45:29.000,"Start     ","On        ","On        ",243,"Off       ",0,11.8000002,"Off       ","Middle    ",0,0,138,47.9000015,96.4400024,22.8903999,142.8800049,"On        ","Right     ",7,0,NULL,NULL,1552815929000,1552815929000
1097856,"111004                                                                                                                                                                                                                                                         ",2019-03-17 09:45:30.000,"Start     ","On        ","On        ",243,"Off       ",0,11.8999996,"Off       ","Middle    ",0,0,138,47.7999992,96.4400024,22.9827003,142.8800049,"On        ","Right     ",7,0,NULL,NULL,1552815930000,1552815930000
1097857,"111004                                                                                                                                                                                                                                                         ",2019-03-17 09:45:31.000,"Start     ","On        ","On        ",243,"Off       ",0,11.8000002,"Off       ","Middle    ",0,0,138,47.7000008,96.4400024,22.9827003,142.6999969,"On        ","Right     ",7,0,NULL,NULL,1552815931000,1552815931000
1097858,"111004                                                                                                                                                                                                                                                         ",2019-03-17 09:45:32.000,"Start     ","On        ","On        ",243,"Off       ",0,12.3000002,"Off       ","Middle    ",0,0,138,47.7000008,96.4400024,22.9827003,142.6999969,"On        ","Right     ",7,0,NULL,NULL,1552815932000,1552815932000
1097859,"111004                                                                                                                                                                                                                                                         ",2019-03-17 09:45:33.000,"Start     ","On        ","On        ",243,"Off       ",0,12.3500004,"Off       ","Middle    ",0,0,138,47.5999985,96.4400024,23.0750008,143.2400055,"On        ","Right     ",7,0,NULL,NULL,1552815933000,1552815933000
1097860,"111004                                                                                                                                                                                                                                                         ",2019-03-17 09:45:34.000,"Start     ","On        ","On        ",243,"Off       ",0,12.25,"Off       ","Middle    ",0,0,138,47.5999985,96.4400024,22.6135006,143.0599976,"On        ","Right     ",7,0,NULL,NULL,1552815934000,1552815934000
1097861,"111004                                                                                                                                                                                                                                                         ",2019-03-17 09:45:35.000,"Start     ","On        ","On        ",243,"Off       ",0,12.1499996,"On        ","Right     ",4,0,138,47.5,96.4400024,21.7828007,143.0599976,"On        ","Right     ",7,0,NULL,NULL,1552815935000,1552815935000
1097862,"111004                                                                                                                                                                                                                                                         ",2019-03-17 09:45:36.000,"Start     ","On        ","On        ",243,"Off       ",0,12.1499996,"On        ","Right     ",4,0,138,47.4000015,96.4400024,21.0443993,142.8800049,"On        ","Right     ",7,0,NULL,NULL,1552815936000,1552815936000
1097863,"111004                                                                                                                                                                                                                                                         ",2019-03-17 09:45:37.000,"Start     ","On        ","On        ",243,"Off       ",0,12.1499996,"On        ","Right     ",4,0,138,47.2999992,96.4400024,20.4906006,143.0599976,"On        ","Right     ",7,0,NULL,NULL,1552815937000,1552815937000
1097864,"111004                                                                                                                                                                                                                                                         ",2019-03-17 09:45:38.000,"Start     ","On        ","On        ",243,"Off       ",0,12.25,"On        ","Right     ",4,0,138,47.2999992,96.4400024,20.1213989,143.0599976,"On        ","Right     ",7,0,NULL,NULL,1552815938000,1552815938000
1097865,"111004                                                                                                                                                                                                                                                         ",2019-03-17 09:45:39.000,"Start     ","On        ","On        ",243,"Off       ",0,12.25,"On        ","Right     ",4,0,138,47.2000008,96.2600021,19.5676003,142.6999969,"On        ","Right     ",7,0,NULL,NULL,1552815939000,1552815939000
1097866,"111004                                                                                                                                                                                                                                                         ",2019-03-17 09:45:40.000,"Start     ","On        ","On        ",243,"Off       ",0,12.1499996,"On        ","Right     ",4,0,138,47.2999992,96.0799942,19.7521992,143.0599976,"On        ","Right     ",7,0,NULL,NULL,1552815940000,1552815940000
1097867,"111004                                                                                                                                                                                                                                                         ",2019-03-17 09:45:41.000,"Start     ","On        ","On        ",243,"Off       ",0,12,"On        ","Right     ",4,0,138,47.2999992,96.4400024,20.0291004,143.2400055,"On        ","Right     ",7,0,NULL,NULL,1552815941000,1552815941000
1097868,"111004                                                                                                                                                                                                                                                         ",2019-03-17 09:45:42.000,"Start     ","On        ","On        ",243,"Off       ",0,13.3000002,"On        ","Right     ",4,0,138,47.2999992,96.2600021,20.3983002,143.0599976,"On        ","Right     ",7,0,NULL,NULL,1552815942000,1552815942000
1097869,"111004                                                                                                                                                                                                                                                         ",2019-03-17 09:45:43.000,"Start     ","On        ","On        ",243,"Off       ",0,12.6999998,"On        ","Right     ",4,0,138,47.2999992,96.4400024,21.0443993,143.2400055,"On        ","Right     ",7,0,NULL,NULL,1552815943000,1552815943000
1097870,"111004                                                                                                                                                                                                                                                         ",2019-03-17 09:45:44.000,"Start     ","On        ","On        ",243,"Off       ",0,12.0500002,"On        ","Right     ",4,0,138,47.2999992,96.4400024,21.6905003,143.0599976,"On        ","Right     ",7,0,NULL,NULL,1552815944000,1552815944000
1097871,"111004                                                                                                                                                                                                                                                         ",2019-03-17 09:45:45.000,"Start     ","On        ","On        ",243,"Off       ",0,11.8999996,"On        ","Right     ",4,0,138,47.2999992,96.4400024,21.8751011,143.0599976,"On        ","Right     ",7,0,NULL,NULL,1552815945000,1552815945000
1097872,"111004                                                                                                                                                                                                                                                         ",2019-03-17 09:45:46.000,"Start     ","On        ","On        ",243,"Off       ",0,12.1000004,"On        ","Right     ",4,0,138,47.4000015,96.2600021,22.0597,143.0599976,"On        ","Right     ",7,0,NULL,NULL,1552815946000,1552815946000
1097873,"111004                                                                                                                                                                                                                                                         ",2019-03-17 09:45:47.000,"Start     ","On        ","On        ",243,"Off       ",0,12.0500002,"On        ","Right     ",4,0,138,47.2999992,96.4400024,22.2443008,143.0599976,"On        ","Right     ",7,0,NULL,NULL,1552815947000,1552815947000
1097874,"111004                                                                                                                                                                                                                                                         ",2019-03-17 09:45:48.000,"Start     ","On        ","On        ",243,"Off       ",0,11.6499996,"On        ","Right     ",4,0,138,47.2999992,96.4400024,22.2443008,143.0599976,"On        ","Right     ",7,0,NULL,NULL,1552815948000,1552815948000
1097875,"111004                                                                                                                                                                                                                                                         ",2019-03-17 09:45:49.000,"Start     ","On        ","On        ",243,"Off       ",0,11.8999996,"On        ","Right     ",4,0,138,47.2999992,96.4400024,22.3366013,143.0599976,"On        ","Right     ",7,0,NULL,NULL,1552815949000,1552815949000
1097876,"111004                                                                                                                                                                                                                                                         ",2019-03-17 09:45:50.000,"Start     ","On        ","On        ",243,"Off       ",0,11.9499998,"On        ","Right     ",4,0,138,47.2000008,96.2600021,22.4288998,142.6999969,"On        ","Right     ",7,0,NULL,NULL,1552815950000,1552815950000
1097877,"111004                                                                                                                                                                                                                                                         ",2019-03-17 09:45:51.000,"Start     ","On        ","On        ",244,"Off       ",0,12.1000004,"On        ","Right     ",4,0,138,47.2000008,96.2600021,22.4288998,143.0599976,"On        ","Right     ",7,0,NULL,NULL,1552815951000,1552815951000
1097878,"111004                                                                                                                                                                                                                                                         ",2019-03-17 09:45:52.000,"Start     ","On        ","On        ",244,"Off       ",0,11.8500004,"On        ","Right     ",4,0,138,47.2999992,96.2600021,22.3366013,143.0599976,"On        ","Right     ",7,0,NULL,NULL,1552815952000,1552815952000
1097879,"111004                                                                                                                                                                                                                                                         ",2019-03-17 09:45:53.000,"Start     ","On        ","On        ",244,"Off       ",0,12.1499996,"On        ","Right     ",4,0,138,47.2999992,96.2600021,22.2443008,143.0599976,"On        ","Right     ",7,0,NULL,NULL,1552815953000,1552815953000
1097880,"111004                                                                                                                                                                                                                                                         ",2019-03-17 09:45:54.000,"Start     ","On        ","On        ",244,"Off       ",0,12.5500002,"On        ","Right     ",4,0,138,47.2999992,96.4400024,22.1520004,143.0599976,"On        ","Right     ",7,0,NULL,NULL,1552815954000,1552815954000
1097881,"111004                                                                                                                                                                                                                                                         ",2019-03-17 09:45:55.000,"Start     ","On        ","On        ",244,"Off       ",0,11,"On        ","Right     ",4,0,138,47.4000015,96.2600021,22.0597,143.0599976,"On        ","Right     ",7,0,NULL,NULL,1552815955000,1552815955000
1097882,"111004                                                                                                                                                                                                                                                         ",2019-03-17 09:45:56.000,"Start     ","On        ","On        ",244,"Off       ",0,12.0500002,"On        ","Right     ",4,0,138,47.4000015,96.2600021,21.9673996,143.2400055,"On        ","Right     ",7,0,NULL,NULL,1552815956000,1552815956000
1097883,"111004                                                                                                                                                                                                                                                         ",2019-03-17 09:45:57.000,"Start     ","On        ","On        ",244,"Off       ",0,11.5500002,"On        ","Right     ",4,0,138,47.5,96.4400024,22.0597,143.0599976,"On        ","Right     ",7,0,NULL,NULL,1552815957000,1552815957000
1097884,"111004                                                                                                                                                                                                                                                         ",2019-03-17 09:45:58.000,"Start     ","On        ","On        ",244,"Off       ",0,12.0500002,"On        ","Right     ",4,0,138,47.5,96.4400024,22.2443008,143.0599976,"On        ","Right     ",7,0,NULL,NULL,1552815958000,1552815958000
1097885,"111004                                                                                                                                                                                                                                                         ",2019-03-17 09:45:59.000,"Start     ","On        ","On        ",244,"Off       ",0,10.6499996,"On        ","Right     ",4,0,138,47.5999985,96.4400024,22.2443008,143.2400055,"On        ","Right     ",7,0,NULL,NULL,1552815959000,1552815959000
1097886,"111004                                                                                                                                                                                                                                                         ",2019-03-17 09:46:00.000,"Start     ","On        ","On        ",244,"Off       ",0,11.5,"On        ","Right     ",4,0,138,47.7000008,96.4400024,22.3366013,143.0599976,"On        ","Right     ",7,0,NULL,NULL,1552815960000,1552815960000
1097887,"111004                                                                                                                                                                                                                                                         ",2019-03-17 09:46:01.000,"Start     ","On        ","On        ",244,"Off       ",0,11.6999998,"On        ","Right     ",4,0,138,47.7999992,96.4400024,22.2443008,143.2400055,"On        ","Right     ",7,0,NULL,NULL,1552815961000,1552815961000
1097888,"111004                                                                                                                                                                                                                                                         ",2019-03-17 09:46:02.000,"Start     ","On        ","On        ",244,"Off       ",0,12,"On        ","Right     ",4,0,138,47.7000008,96.2600021,22.2443008,143.0599976,"On        ","Right     ",7,0,NULL,NULL,1552815962000,1552815962000
1097889,"111004                                                                                                                                                                                                                                                         ",2019-03-17 09:46:03.000,"Start     ","On        ","On        ",244,"Off       ",0,11.5500002,"On        ","Right     ",4,0,138,47.7999992,96.2600021,22.1520004,142.8800049,"On        ","Right     ",7,0,NULL,NULL,1552815963000,1552815963000
1097890,"111004                                                                                                                                                                                                                                                         ",2019-03-17 09:46:04.000,"Start     ","On        ","On        ",244,"Off       ",0,12.1499996,"On        ","Right     ",4,0,138,47.7999992,96.2600021,22.2443008,143.0599976,"On        ","Right     ",7,0,NULL,NULL,1552815964000,1552815964000
1097891,"111004                                                                                                                                                                                                                                                         ",2019-03-17 09:46:05.000,"Start     ","On        ","On        ",244,"Off       ",0,12.6999998,"On        ","Right     ",4,0,138,47.7999992,96.4400024,22.0597,143.0599976,"On        ","Right     ",7,0,NULL,NULL,1552815965000,1552815965000
1097892,"111004                                                                                                                                                                                                                                                         ",2019-03-17 09:46:06.000,"Start     ","On        ","On        ",244,"Off       ",0,11.25,"On        ","Right     ",4,0,138,47.7999992,96.4400024,21.7828007,143.0599976,"On        ","Right     ",7,0,NULL,NULL,1552815966000,1552815966000
1097893,"111004                                                                                                                                                                                                                                                         ",2019-03-17 09:46:07.000,"Start     ","On        ","On        ",244,"Off       ",0,12.8000002,"On        ","Right     ",4,0,138,47.5999985,96.4400024,21.5058994,143.0599976,"On        ","Right     ",7,0,NULL,NULL,1552815967000,1552815967000
1097894,"111004                                                                                                                                                                                                                                                         ",2019-03-17 09:46:08.000,"Start     ","On        ","On        ",244,"Off       ",0,11.3000002,"On        ","Right     ",4,0,138,47.5999985,96.4400024,21.6905003,143.0599976,"On        ","Right     ",7,0,NULL,NULL,1552815968000,1552815968000
1097895,"111004                                                                                                                                                                                                                                                         ",2019-03-17 09:46:09.000,"Start     ","On        ","On        ",244,"Off       ",0,11.8000002,"On        ","Right     ",4,0,138,47.5999985,96.4400024,21.6905003,143.0599976,"On        ","Right     ",7,0,NULL,NULL,1552815969000,1552815969000
1097896,"111004                                                                                                                                                                                                                                                         ",2019-03-17 09:46:10.000,"Start     ","On        ","On        ",244,"Off       ",0,11.3999996,"On        ","Right     ",4,0,138,47.5999985,96.4400024,21.4136009,143.2400055,"On        ","Right     ",7,0,NULL,NULL,1552815970000,1552815970000
1097897,"111004                                                                                                                                                                                                                                                         ",2019-03-17 09:46:11.000,"Start     ","On        ","On        ",244,"Off       ",0,12.6999998,"On        ","Right     ",4,0,138,47.5999985,96.4400024,21.2290001,143.0599976,"On        ","Right     ",7,0,NULL,NULL,1552815971000,1552815971000
1097898,"111004                                                                                                                                                                                                                                                         ",2019-03-17 09:46:12.000,"Start     ","On        ","On        ",244,"Off       ",0,10.8999996,"On        ","Right     ",4,0,138,47.5999985,96.2600021,21.1366997,143.0599976,"On        ","Right     ",7,0,NULL,NULL,1552815972000,1552815972000
1097899,"111004                                                                                                                                                                                                                                                         ",2019-03-17 09:46:13.000,"Start     ","On        ","On        ",244,"Off       ",0,13.1499996,"On        ","Right     ",4,0,138,47.5,96.4400024,21.1366997,143.0599976,"On        ","Right     ",7,0,NULL,NULL,1552815973000,1552815973000
1097900,"111004                                                                                                                                                                                                                                                         ",2019-03-17 09:46:14.000,"Start     ","On        ","On        ",244,"Off       ",0,11.8500004,"On        ","Right     ",4,0,138,47.5999985,96.4400024,21.1366997,143.0599976,"On        ","Right     ",7,0,NULL,NULL,1552815974000,1552815974000
1097901,"111004                                                                                                                                                                                                                                                         ",2019-03-17 09:46:15.000,"Start     ","On        ","On        ",244,"Off       ",0,12.3500004,"On        ","Right     ",4,0,138,47.5999985,96.2600021,21.3213005,143.0599976,"On        ","Right     ",7,0,NULL,NULL,1552815975000,1552815975000
1097902,"111004                                                                                                                                                                                                                                                         ",2019-03-17 09:46:16.000,"Start     ","On        ","On        ",244,"Off       ",0,11.3000002,"On        ","Right     ",4,0,138,47.5999985,96.4400024,21.5981998,143.2400055,"On        ","Right     ",7,0,NULL,NULL,1552815976000,1552815976000
1097903,"111004                                                                                                                                                                                                                                                         ",2019-03-17 09:46:17.000,"Start     ","On        ","On        ",244,"Off       ",0,11.8999996,"Off       ","Middle    ",0,0,138,47.5,96.4400024,21.8751011,143.0599976,"On        ","Right     ",7,0,NULL,NULL,1552815977000,1552815977000
1097904,"111004                                                                                                                                                                                                                                                         ",2019-03-17 09:46:18.000,"Start     ","On        ","On        ",244,"Off       ",0,12.4499998,"Off       ","Middle    ",0,0,138,47.5999985,96.4400024,21.7828007,143.0599976,"On        ","Right     ",7,0,NULL,NULL,1552815978000,1552815978000
1097905,"111004                                                                                                                                                                                                                                                         ",2019-03-17 09:46:19.000,"Start     ","On        ","On        ",244,"Off       ",0,11.6999998,"Off       ","Middle    ",0,0,138,47.5,96.4400024,21.7828007,142.8800049,"On        ","Right     ",7,0,NULL,NULL,1552815979000,1552815979000
1097906,"111004                                                                                                                                                                                                                                                         ",2019-03-17 09:46:20.000,"Start     ","On        ","On        ",244,"Off       ",0,11.0500002,"Off       ","Middle    ",0,0,138,47.5999985,96.4400024,21.6905003,143.0599976,"On        ","Right     ",7,0,NULL,NULL,1552815980000,1552815980000
1097907,"111004                                                                                                                                                                                                                                                         ",2019-03-17 09:46:21.000,"Start     ","On        ","On        ",244,"Off       ",0,12.0500002,"Off       ","Middle    ",0,0,138,47.4000015,96.4400024,21.1366997,142.8800049,"On        ","Right     ",7,0,NULL,NULL,1552815981000,1552815981000
1097908,"111004                                                                                                                                                                                                                                                         ",2019-03-17 09:46:22.000,"Start     ","On        ","On        ",244,"Off       ",0,12.1999998,"Off       ","Middle    ",0,0,138,47.5,96.4400024,20.4906006,142.6999969,"On        ","Right     ",7,0,NULL,NULL,1552815982000,1552815982000
1097909,"111004                                                                                                                                                                                                                                                         ",2019-03-17 09:46:23.000,"Start     ","On        ","On        ",244,"Off       ",0,12.0500002,"On        ","Left      ",4,0,138,47.2999992,96.4400024,19.9368,143.2400055,"On        ","Right     ",7,0,NULL,NULL,1552815983000,1552815983000
1097910,"111004                                                                                                                                                                                                                                                         ",2019-03-17 09:46:24.000,"Start     ","On        ","On        ",244,"Off       ",0,12.0500002,"On        ","Left      ",4,0,138,47.2999992,96.4400024,19.1061001,143.0599976,"On        ","Right     ",7,0,NULL,NULL,1552815984000,1552815984000
1097911,"111004                                                                                                                                                                                                                                                         ",2019-03-17 09:46:25.000,"Start     ","On        ","On        ",244,"Off       ",0,12.0500002,"On        ","Left      ",4,0,138,47.2000008,96.4400024,18.8291988,143.2400055,"On        ","Right     ",7,0,NULL,NULL,1552815985000,1552815985000
1097912,"111004                                                                                                                                                                                                                                                         ",2019-03-17 09:46:26.000,"Start     ","On        ","On        ",244,"Off       ",0,12.1999998,"On        ","Left      ",4,0,138,47.0999985,96.2600021,18.5522995,143.0599976,"On        ","Right     ",7,0,NULL,NULL,1552815986000,1552815986000
1097913,"111004                                                                                                                                                                                                                                                         ",2019-03-17 09:46:27.000,"Start     ","On        ","On        ",243,"Off       ",0,11.8999996,"On        ","Left      ",4,0,138,47,96.4400024,17.8139,143.0599976,"On        ","Right     ",7,0,NULL,NULL,1552815987000,1552815987000
1097914,"111004                                                                                                                                                                                                                                                         ",2019-03-17 09:46:28.000,"Start     ","On        ","On        ",243,"Off       ",0,12.1999998,"On        ","Left      ",4,0,138,47.0999985,96.4400024,17.5370007,143.0599976,"On        ","Right     ",7,0,NULL,NULL,1552815988000,1552815988000
1097915,"111004                                                                                                                                                                                                                                                         ",2019-03-17 09:46:29.000,"Start     ","On        ","On        ",243,"Off       ",0,11.5,"On        ","Left      ",4,0,138,47,96.4400024,17.9062004,143.0599976,"On        ","Right     ",7,0,NULL,NULL,1552815989000,1552815989000
1097916,"111004                                                                                                                                                                                                                                                         ",2019-03-17 09:46:30.000,"Start     ","On        ","On        ",243,"Off       ",0,10.75,"On        ","Left      ",4,0,138,47.0999985,96.4400024,18.4599991,143.0599976,"On        ","Right     ",7,0,NULL,NULL,1552815990000,1552815990000
1097917,"111004                                                                                                                                                                                                                                                         ",2019-03-17 09:46:31.000,"Start     ","On        ","On        ",243,"Off       ",0,11.6999998,"On        ","Left      ",4,0,138,47.0999985,96.4400024,19.1061001,143.0599976,"On        ","Right     ",7,0,NULL,NULL,1552815991000,1552815991000
1097918,"111004                                                                                                                                                                                                                                                         ",2019-03-17 09:46:32.000,"Start     ","On        ","On        ",243,"Off       ",0,12.8999996,"On        ","Left      ",4,0,138,47.2999992,96.4400024,19.8444996,143.2400055,"On        ","Right     ",7,0,NULL,NULL,1552815992000,1552815992000
1097919,"111004                                                                                                                                                                                                                                                         ",2019-03-17 09:46:33.000,"Start     ","On        ","On        ",243,"Off       ",0,12.0500002,"On        ","Left      ",4,0,139,47.2000008,96.4400024,20.1213989,143.0599976,"On        ","Right     ",7,0,NULL,NULL,1552815993000,1552815993000
1097920,"111004                                                                                                                                                                                                                                                         ",2019-03-17 09:46:34.000,"Start     ","On        ","On        ",243,"Off       ",0,14.0500002,"On        ","Left      ",4,0,139,47.2999992,96.6200027,20.3983002,143.0599976,"On        ","Right     ",7,0,NULL,NULL,1552815994000,1552815994000
1097921,"111004                                                                                                                                                                                                                                                         ",2019-03-17 09:46:35.000,"Start     ","On        ","On        ",243,"Off       ",0,12.6000004,"On        ","Left      ",4,0,139,47.2999992,96.4400024,20.5828991,143.2400055,"On        ","Right     ",7,0,NULL,NULL,1552815995000,1552815995000
1097922,"111004                                                                                                                                                                                                                                                         ",2019-03-17 09:46:36.000,"Start     ","On        ","On        ",243,"Off       ",0,12.6000004,"On        ","Left      ",4,0,139,47.2999992,96.4400024,20.7674999,143.0599976,"On        ","Right     ",7,0,NULL,NULL,1552815996000,1552815996000
1097923,"111004                                                                                                                                                                                                                                                         ",2019-03-17 09:46:37.000,"Start     ","On        ","On        ",243,"Off       ",0,11.4499998,"On        ","Left      ",4,0,139,47.2999992,96.4400024,21.0443993,143.0599976,"On        ","Right     ",7,0,NULL,NULL,1552815997000,1552815997000
1097924,"111004                                                                                                                                                                                                                                                         ",2019-03-17 09:46:38.000,"Start     ","On        ","On        ",243,"Off       ",0,12.1999998,"On        ","Left      ",4,0,139,47.4000015,96.4400024,21.1366997,143.0599976,"On        ","Right     ",7,0,NULL,NULL,1552815998000,1552815998000
1097925,"111004                                                                                                                                                                                                                                                         ",2019-03-17 09:46:39.000,"Start     ","On        ","On        ",243,"Off       ",0,11.9499998,"On        ","Left      ",4,0,139,47.5,96.4400024,21.1366997,143.2400055,"On        ","Right     ",7,0,NULL,NULL,1552815999000,1552815999000
1097926,"111004                                                                                                                                                                                                                                                         ",2019-03-17 09:46:40.000,"Start     ","On        ","On        ",243,"Off       ",0,12.5500002,"On        ","Left      ",4,0,139,47.4000015,96.4400024,21.3213005,143.0599976,"On        ","Right     ",7,0,NULL,NULL,1552816000000,1552816000000
1097927,"111004                                                                                                                                                                                                                                                         ",2019-03-17 09:46:41.000,"Start     ","On        ","On        ",243,"Off       ",0,11.75,"On        ","Left      ",4,0,139,47.2999992,96.6200027,21.6905003,143.2400055,"On        ","Right     ",7,0,NULL,NULL,1552816001000,1552816001000
1097928,"111004                                                                                                                                                                                                                                                         ",2019-03-17 09:46:42.000,"Start     ","On        ","On        ",242,"Off       ",0,12.6499996,"On        ","Left      ",4,0,139,47.4000015,96.4400024,22.3366013,143.6000061,"On        ","Right     ",7,0,NULL,NULL,1552816002000,1552816002000
1097929,"111004                                                                                                                                                                                                                                                         ",2019-03-17 09:46:43.000,"Start     ","On        ","On        ",242,"Off       ",0,11.75,"On        ","Left      ",4,0,139,47.4000015,96.4400024,21.5981998,143.0599976,"On        ","Right     ",7,0,NULL,NULL,1552816003000,1552816003000
1097930,"111004                                                                                                                                                                                                                                                         ",2019-03-17 09:46:44.000,"Start     ","On        ","On        ",242,"Off       ",0,13.6999998,"On        ","Left      ",4,0,139,47.5,96.2600021,21.6905003,143.0599976,"On        ","Right     ",7,0,NULL,NULL,1552816004000,1552816004000
1097931,"111004                                                                                                                                                                                                                                                         ",2019-03-17 09:46:45.000,"Start     ","On        ","On        ",241,"Off       ",0,13.3500004,"On        ","Left      ",4,0,139,47.5,96.4400024,21.5058994,143.0599976,"On        ","Right     ",7,0,NULL,NULL,1552816005000,1552816005000
1097932,"111004                                                                                                                                                                                                                                                         ",2019-03-17 09:46:46.000,"Start     ","On        ","On        ",241,"Off       ",0,11.8000002,"On        ","Left      ",4,0,139,47.4000015,96.4400024,21.5058994,143.0599976,"On        ","Right     ",7,0,NULL,NULL,1552816006000,1552816006000
1097933,"111004                                                                                                                                                                                                                                                         ",2019-03-17 09:46:47.000,"Start     ","On        ","On        ",241,"Off       ",0,11.9499998,"On        ","Left      ",4,0,139,47.5,96.4400024,21.3213005,143.4199982,"On        ","Right     ",7,0,NULL,NULL,1552816007000,1552816007000
1097934,"111004                                                                                                                                                                                                                                                         ",2019-03-17 09:46:48.000,"Start     ","On        ","On        ",241,"Off       ",0,12.6000004,"On        ","Left      ",4,0,139,47.4000015,96.6200027,21.5058994,143.4199982,"On        ","Right     ",7,0,NULL,NULL,1552816008000,1552816008000
1097935,"111004                                                                                                                                                                                                                                                         ",2019-03-17 09:46:49.000,"Start     ","On        ","On        ",241,"Off       ",0,10.6999998,"On        ","Left      ",4,0,138,47.4000015,96.6200027,21.4136009,143.0599976,"On        ","Right     ",7,0,NULL,NULL,1552816009000,1552816009000
1097936,"111004                                                                                                                                                                                                                                                         ",2019-03-17 09:46:50.000,"Start     ","On        ","On        ",241,"Off       ",0,12.5500002,"On        ","Left      ",4,0,138,47.2999992,96.4400024,21.5058994,143.4199982,"On        ","Right     ",7,0,NULL,NULL,1552816010000,1552816010000
1097937,"111004                                                                                                                                                                                                                                                         ",2019-03-17 09:46:51.000,"Start     ","On        ","On        ",240,"Off       ",0,11.6999998,"On        ","Left      ",4,0,138,47.2999992,96.2600021,21.2290001,143.0599976,"On        ","Right     ",7,0,NULL,NULL,1552816011000,1552816011000
1097938,"111004                                                                                                                                                                                                                                                         ",2019-03-17 09:46:52.000,"Start     ","On        ","On        ",240,"Off       ",0,11.9499998,"On        ","Left      ",4,0,138,47.4000015,96.6200027,21.6905003,143.6000061,"On        ","Right     ",7,0,NULL,NULL,1552816012000,1552816012000
1097939,"111004                                                                                                                                                                                                                                                         ",2019-03-17 09:46:53.000,"Start     ","On        ","On        ",240,"Off       ",0,11.25,"On        ","Left      ",4,0,138,47.5999985,96.4400024,20.9521008,143.4199982,"On        ","Right     ",7,0,NULL,NULL,1552816013000,1552816013000
1097940,"111004                                                                                                                                                                                                                                                         ",2019-03-17 09:46:54.000,"Start     ","On        ","On        ",240,"Off       ",0,12.3500004,"On        ","Left      ",4,0,138,47.5,96.4400024,20.9521008,143.4199982,"On        ","Right     ",7,0,NULL,NULL,1552816014000,1552816014000
1097941,"111004                                                                                                                                                                                                                                                         ",2019-03-17 09:46:55.000,"Start     ","On        ","On        ",240,"Off       ",0,14.3999996,"On        ","Left      ",4,0,138,47.4000015,96.4400024,20.9521008,143.4199982,"On        ","Right     ",7,0,NULL,NULL,1552816015000,1552816015000
1097942,"111004                                                                                                                                                                                                                                                         ",2019-03-17 09:46:56.000,"Start     ","On        ","On        ",240,"Off       ",0,12.75,"On        ","Left      ",4,0,138,47.4000015,96.4400024,20.9521008,143.0599976,"On        ","Right     ",7,0,NULL,NULL,1552816016000,1552816016000
1097943,"111004                                                                                                                                                                                                                                                         ",2019-03-17 09:46:57.000,"Start     ","On        ","On        ",240,"Off       ",0,11.8500004,"On        ","Left      ",4,0,139,47.4000015,96.4400024,20.9521008,143.0599976,"On        ","Right     ",7,0,NULL,NULL,1552816017000,1552816017000
1097944,"111004                                                                                                                                                                                                                                                         ",2019-03-17 09:46:58.000,"Start     ","On        ","On        ",240,"Off       ",0,10.9499998,"On        ","Left      ",4,0,139,47.2999992,96.4400024,20.8598003,143.0599976,"On        ","Right     ",7,0,NULL,NULL,1552816018000,1552816018000
1097945,"111004                                                                                                                                                                                                                                                         ",2019-03-17 09:46:59.000,"Start     ","On        ","On        ",240,"Off       ",0,12.0500002,"On        ","Left      ",4,0,139,47.4000015,96.4400024,20.6751995,143.4199982,"On        ","Right     ",7,0,NULL,NULL,1552816019000,1552816019000
1097946,"111004                                                                                                                                                                                                                                                         ",2019-03-17 09:47:00.000,"Start     ","On        ","On        ",240,"Off       ",0,10.5,"On        ","Left      ",4,0,139,47.5999985,96.4400024,20.7674999,143.4199982,"On        ","Right     ",7,0,NULL,NULL,1552816020000,1552816020000
1097947,"111004                                                                                                                                                                                                                                                         ",2019-03-17 09:47:01.000,"Start     ","On        ","On        ",240,"Off       ",0,11.3999996,"On        ","Left      ",4,0,139,47.5,96.4400024,20.7674999,143.4199982,"On        ","Right     ",7,0,NULL,NULL,1552816021000,1552816021000
1097948,"111004                                                                                                                                                                                                                                                         ",2019-03-17 09:47:02.000,"Start     ","On        ","On        ",240,"Off       ",0,12.1000004,"On        ","Left      ",4,0,139,47.5,96.4400024,20.7674999,143.4199982,"On        ","Right     ",7,0,NULL,NULL,1552816022000,1552816022000
1097949,"111004                                                                                                                                                                                                                                                         ",2019-03-17 09:47:03.000,"Start     ","On        ","On        ",240,"Off       ",0,11.6999998,"On        ","Left      ",4,0,139,47.4000015,96.4400024,20.6751995,143.4199982,"On        ","Right     ",7,0,NULL,NULL,1552816023000,1552816023000
1097950,"111004                                                                                                                                                                                                                                                         ",2019-03-17 09:47:04.000,"Start     ","On        ","On        ",240,"Off       ",0,11.75,"On        ","Left      ",4,0,139,47.4000015,96.4400024,20.5828991,143.4199982,"On        ","Right     ",7,0,NULL,NULL,1552816024000,1552816024000
1097951,"111004                                                                                                                                                                                                                                                         ",2019-03-17 09:47:05.000,"Start     ","On        ","On        ",240,"Off       ",0,13.6999998,"On        ","Left      ",4,0,139,47.5,96.4400024,20.5828991,143.4199982,"On        ","Right     ",7,0,NULL,NULL,1552816025000,1552816025000
1097952,"111004                                                                                                                                                                                                                                                         ",2019-03-17 09:47:06.000,"Start     ","On        ","On        ",240,"Off       ",0,12.6499996,"On        ","Left      ",4,0,139,47.5,96.4400024,20.9521008,143.6000061,"On        ","Right     ",7,0,NULL,NULL,1552816026000,1552816026000
1097953,"111004                                                                                                                                                                                                                                                         ",2019-03-17 09:47:07.000,"Start     ","On        ","On        ",240,"Off       ",0,10.6000004,"On        ","Left      ",4,0,139,47.5,96.4400024,20.1213989,143.4199982,"On        ","Right     ",7,0,NULL,NULL,1552816027000,1552816027000
1097954,"111004                                                                                                                                                                                                                                                         ",2019-03-17 09:47:08.000,"Start     ","On        ","On        ",239,"Off       ",0,12.1999998,"On        ","Left      ",4,0,139,47.5999985,96.4400024,20.1213989,143.4199982,"On        ","Right     ",7,0,NULL,NULL,1552816028000,1552816028000
1097955,"111004                                                                                                                                                                                                                                                         ",2019-03-17 09:47:09.000,"Start     ","On        ","On        ",239,"Off       ",0,12,"On        ","Left      ",4,0,139,47.5,96.4400024,20.2136993,143.4199982,"On        ","Right     ",7,0,NULL,NULL,1552816029000,1552816029000
1097956,"111004                                                                                                                                                                                                                                                         ",2019-03-17 09:47:10.000,"Start     ","On        ","On        ",239,"Off       ",0,12.3999996,"Off       ","Middle    ",0,0,139,47.4000015,96.4400024,20.8598003,143.6000061,"On        ","Right     ",7,0,NULL,NULL,1552816030000,1552816030000
1097957,"111004                                                                                                                                                                                                                                                         ",2019-03-17 09:47:11.000,"Start     ","On        ","On        ",239,"Off       ",0,11.1000004,"Off       ","Middle    ",0,0,139,47.2999992,96.4400024,20.2136993,143.4199982,"On        ","Right     ",7,0,NULL,NULL,1552816031000,1552816031000
1097958,"111004                                                                                                                                                                                                                                                         ",2019-03-17 09:47:12.000,"Start     ","On        ","On        ",239,"Off       ",0,11.6999998,"Off       ","Middle    ",0,0,139,47.2999992,96.4400024,19.9368,143.4199982,"On        ","Right     ",7,0,NULL,NULL,1552816032000,1552816032000
1097959,"111004                                                                                                                                                                                                                                                         ",2019-03-17 09:47:13.000,"Start     ","On        ","On        ",239,"Off       ",0,12.3500004,"On        ","Right     ",4,0,139,47.2999992,96.4400024,19.8444996,143.4199982,"On        ","Right     ",7,0,NULL,NULL,1552816033000,1552816033000
1097960,"111004                                                                                                                                                                                                                                                         ",2019-03-17 09:47:14.000,"Start     ","On        ","On        ",240,"Off       ",0,12.1999998,"On        ","Right     ",4,0,139,47.2999992,96.4400024,19.5676003,143.4199982,"On        ","Right     ",7,0,NULL,NULL,1552816034000,1552816034000
1097961,"111004                                                                                                                                                                                                                                                         ",2019-03-17 09:47:15.000,"Start     ","On        ","On        ",240,"Off       ",0,12.0500002,"On        ","Right     ",4,0,139,47.2999992,96.4400024,18.9214993,143.4199982,"On        ","Right     ",7,0,NULL,NULL,1552816035000,1552816035000
1097962,"111004                                                                                                                                                                                                                                                         ",2019-03-17 09:47:16.000,"Start     ","On        ","On        ",239,"Off       ",0,11.8999996,"On        ","Right     ",4,0,139,47.2999992,96.4400024,18.5522995,143.4199982,"On        ","Right     ",7,0,NULL,NULL,1552816036000,1552816036000
1097963,"111004                                                                                                                                                                                                                                                         ",2019-03-17 09:47:17.000,"Start     ","On        ","On        ",239,"Off       ",0,11.8999996,"On        ","Right     ",4,0,139,47.2000008,96.4400024,17.7216015,143.4199982,"On        ","Right     ",7,0,NULL,NULL,1552816037000,1552816037000
1097964,"111004                                                                                                                                                                                                                                                         ",2019-03-17 09:47:18.000,"Start     ","On        ","On        ",239,"Off       ",0,11.9499998,"On        ","Right     ",4,0,139,47.0999985,96.6200027,17.4447002,143.4199982,"On        ","Right     ",7,0,NULL,NULL,1552816038000,1552816038000
1097965,"111004                                                                                                                                                                                                                                                         ",2019-03-17 09:47:19.000,"Start     ","On        ","On        ",239,"Off       ",0,11.4499998,"On        ","Right     ",4,0,139,47.0999985,96.6200027,17.4447002,143.4199982,"On        ","Right     ",7,0,NULL,NULL,1552816039000,1552816039000
1097966,"111004                                                                                                                                                                                                                                                         ",2019-03-17 09:47:20.000,"Start     ","On        ","On        ",239,"Off       ",0,11,"On        ","Right     ",4,0,139,47,96.4400024,17.9985008,143.6000061,"On        ","Right     ",7,0,NULL,NULL,1552816040000,1552816040000
1097967,"111004                                                                                                                                                                                                                                                         ",2019-03-17 09:47:21.000,"Start     ","On        ","On        ",239,"Off       ",0,11.3500004,"On        ","Right     ",4,0,139,47,96.4400024,17.9985008,143.6000061,"On        ","Right     ",7,0,NULL,NULL,1552816041000,1552816041000
1097968,"111004                                                                                                                                                                                                                                                         ",2019-03-17 09:47:22.000,"Start     ","On        ","On        ",239,"Off       ",0,10.9499998,"On        ","Right     ",4,0,139,47.0999985,96.4400024,18.1831017,143.6000061,"On        ","Right     ",7,0,NULL,NULL,1552816042000,1552816042000
1097969,"111004                                                                                                                                                                                                                                                         ",2019-03-17 09:47:23.000,"Start     ","On        ","On        ",239,"Off       ",0,12.6999998,"On        ","Right     ",4,0,139,47.0999985,96.4400024,19.290699,143.6000061,"On        ","Right     ",7,0,NULL,NULL,1552816043000,1552816043000
1097970,"111004                                                                                                                                                                                                                                                         ",2019-03-17 09:47:24.000,"Start     ","On        ","On        ",239,"Off       ",0,11.4499998,"On        ","Right     ",4,0,139,47.0999985,96.4400024,19.4752998,143.6000061,"On        ","Right     ",7,0,NULL,NULL,1552816044000,1552816044000
1097971,"111004                                                                                                                                                                                                                                                         ",2019-03-17 09:47:25.000,"Start     ","On        ","On        ",239,"Off       ",0,11.8000002,"On        ","Right     ",4,0,139,47.0999985,96.4400024,19.9368,143.6000061,"On        ","Right     ",7,0,NULL,NULL,1552816045000,1552816045000
1097972,"111004                                                                                                                                                                                                                                                         ",2019-03-17 09:47:26.000,"Start     ","On        ","On        ",239,"Off       ",0,12.75,"On        ","Right     ",4,0,139,47.2000008,96.4400024,20.3983002,143.6000061,"On        ","Right     ",7,0,NULL,NULL,1552816046000,1552816046000
1097973,"111004                                                                                                                                                                                                                                                         ",2019-03-17 09:47:27.000,"Start     ","On        ","On        ",239,"Off       ",0,12.5500002,"On        ","Right     ",4,0,139,47.2000008,96.4400024,20.3059998,143.6000061,"On        ","Right     ",7,0,NULL,NULL,1552816047000,1552816047000
1097974,"111004                                                                                                                                                                                                                                                         ",2019-03-17 09:47:28.000,"Start     ","On        ","On        ",239,"Off       ",0,12.1999998,"On        ","Right     ",4,0,139,47.2999992,96.4400024,20.2136993,143.6000061,"On        ","Right     ",7,0,NULL,NULL,1552816048000,1552816048000
1097975,"111004                                                                                                                                                                                                                                                         ",2019-03-17 09:47:29.000,"Start     ","On        ","On        ",239,"Off       ",0,11.9499998,"On        ","Right     ",4,0,139,47.2999992,96.4400024,20.2136993,143.6000061,"On        ","Right     ",7,0,NULL,NULL,1552816049000,1552816049000
1097976,"111004                                                                                                                                                                                                                                                         ",2019-03-17 09:47:30.000,"Start     ","On        ","On        ",239,"Off       ",0,9.6999998,"On        ","Right     ",4,0,139,47.2999992,96.4400024,20.3983002,143.6000061,"On        ","Right     ",7,0,NULL,NULL,1552816050000,1552816050000
1097977,"111004                                                                                                                                                                                                                                                         ",2019-03-17 09:47:31.000,"Start     ","On        ","On        ",240,"Off       ",0,11.8500004,"On        ","Right     ",4,0,139,47.2999992,96.4400024,20.1213989,143.6000061,"On        ","Right     ",7,0,NULL,NULL,1552816051000,1552816051000
1097978,"111004                                                                                                                                                                                                                                                         ",2019-03-17 09:47:32.000,"Start     ","On        ","On        ",240,"Off       ",0,11.6499996,"On        ","Right     ",4,0,139,47.4000015,96.4400024,20.1213989,143.6000061,"On        ","Right     ",7,0,NULL,NULL,1552816052000,1552816052000
1097979,"111004                                                                                                                                                                                                                                                         ",2019-03-17 09:47:33.000,"Start     ","On        ","On        ",240,"Off       ",0,10.8000002,"On        ","Right     ",4,0,139,47.4000015,96.4400024,20.3059998,143.6000061,"On        ","Right     ",7,0,NULL,NULL,1552816053000,1552816053000
1097980,"111004                                                                                                                                                                                                                                                         ",2019-03-17 09:47:34.000,"Start     ","On        ","On        ",240,"Off       ",0,11.75,"On        ","Right     ",4,0,139,47.4000015,96.6200027,20.4906006,143.6000061,"On        ","Right     ",7,0,NULL,NULL,1552816054000,1552816054000
1097981,"111004                                                                                                                                                                                                                                                         ",2019-03-17 09:47:35.000,"Start     ","On        ","On        ",240,"Off       ",0,11,"On        ","Right     ",4,0,139,47.2999992,96.6200027,20.3983002,143.6000061,"On        ","Right     ",7,0,NULL,NULL,1552816055000,1552816055000
1097982,"111004                                                                                                                                                                                                                                                         ",2019-03-17 09:47:36.000,"Start     ","On        ","On        ",240,"Off       ",0,13.1499996,"On        ","Right     ",4,0,139,47.4000015,96.4400024,20.3983002,143.6000061,"On        ","Right     ",7,0,NULL,NULL,1552816056000,1552816056000
1097983,"111004                                                                                                                                                                                                                                                         ",2019-03-17 09:47:37.000,"Start     ","On        ","On        ",240,"Off       ",0,12.1499996,"On        ","Right     ",4,0,139,47.2999992,96.6200027,20.3983002,143.6000061,"On        ","Right     ",7,0,NULL,NULL,1552816057000,1552816057000
1097984,"111004                                                                                                                                                                                                                                                         ",2019-03-17 09:47:38.000,"Start     ","On        ","On        ",240,"Off       ",0,13.3000002,"On        ","Right     ",4,0,139,47.2999992,96.4400024,20.3983002,143.6000061,"On        ","Right     ",7,0,NULL,NULL,1552816058000,1552816058000
1097985,"111004                                                                                                                                                                                                                                                         ",2019-03-17 09:47:39.000,"Start     ","On        ","On        ",240,"Off       ",0,11.1499996,"On        ","Right     ",4,0,139,47.2999992,96.4400024,20.3059998,143.6000061,"On        ","Right     ",7,0,NULL,NULL,1552816059000,1552816059000
1097986,"111004                                                                                                                                                                                                                                                         ",2019-03-17 09:47:40.000,"Start     ","On        ","On        ",240,"Off       ",0,11.6999998,"On        ","Right     ",4,0,139,47.2999992,96.4400024,20.2136993,143.7799988,"On        ","Right     ",7,0,NULL,NULL,1552816060000,1552816060000
1097987,"111004                                                                                                                                                                                                                                                         ",2019-03-17 09:47:41.000,"Start     ","On        ","On        ",241,"Off       ",0,11.9499998,"On        ","Right     ",4,0,139,47.2000008,96.4400024,20.3059998,143.6000061,"On        ","Right     ",7,0,NULL,NULL,1552816061000,1552816061000
1097988,"111004                                                                                                                                                                                                                                                         ",2019-03-17 09:47:42.000,"Start     ","On        ","On        ",241,"Off       ",0,11.6999998,"On        ","Right     ",4,0,139,47.2999992,96.4400024,20.3059998,143.9600067,"On        ","Right     ",7,0,NULL,NULL,1552816062000,1552816062000
1097989,"111004                                                                                                                                                                                                                                                         ",2019-03-17 09:47:43.000,"Start     ","On        ","On        ",240,"Off       ",0,12.6499996,"On        ","Right     ",4,0,139,47.2999992,96.4400024,20.4906006,143.6000061,"On        ","Right     ",7,0,NULL,NULL,1552816063000,1552816063000
1097990,"111004                                                                                                                                                                                                                                                         ",2019-03-17 09:47:44.000,"Start     ","On        ","On        ",240,"Off       ",0,10.1000004,"On        ","Right     ",4,0,139,47.2999992,96.4400024,20.5828991,143.9600067,"On        ","Right     ",7,0,NULL,NULL,1552816064000,1552816064000
1097991,"111004                                                                                                                                                                                                                                                         ",2019-03-17 09:47:45.000,"Start     ","On        ","On        ",241,"Off       ",0,11.75,"On        ","Right     ",4,0,139,47.4000015,96.6200027,20.3983002,143.9600067,"On        ","Right     ",7,0,NULL,NULL,1552816065000,1552816065000
1097992,"111004                                                                                                                                                                                                                                                         ",2019-03-17 09:47:46.000,"Start     ","On        ","On        ",241,"Off       ",0,11.1499996,"On        ","Right     ",4,0,139,47.4000015,96.6200027,20.3059998,143.9600067,"On        ","Right     ",7,0,NULL,NULL,1552816066000,1552816066000
1097993,"111004                                                                                                                                                                                                                                                         ",2019-03-17 09:47:47.000,"Start     ","On        ","On        ",241,"Off       ",0,11.8999996,"On        ","Right     ",4,0,139,47.4000015,96.6200027,20.3983002,143.6000061,"On        ","Right     ",7,0,NULL,NULL,1552816067000,1552816067000
1097994,"111004                                                                                                                                                                                                                                                         ",2019-03-17 09:47:48.000,"Start     ","On        ","On        ",241,"Off       ",0,11.5,"On        ","Right     ",4,0,139,47.4000015,96.6200027,20.6751995,143.9600067,"On        ","Right     ",7,0,NULL,NULL,1552816068000,1552816068000
1097995,"111004                                                                                                                                                                                                                                                         ",2019-03-17 09:47:49.000,"Start     ","On        ","On        ",241,"Off       ",0,11.8000002,"On        ","Right     ",4,0,139,47.4000015,96.6200027,20.5828991,143.7799988,"On        ","Right     ",7,0,NULL,NULL,1552816069000,1552816069000
1097996,"111004                                                                                                                                                                                                                                                         ",2019-03-17 09:47:50.000,"Start     ","On        ","On        ",241,"Off       ",0,10.25,"On        ","Right     ",4,0,139,47.4000015,96.6200027,20.4906006,143.9600067,"On        ","Right     ",7,0,NULL,NULL,1552816070000,1552816070000
1097997,"111004                                                                                                                                                                                                                                                         ",2019-03-17 09:47:51.000,"Start     ","On        ","On        ",241,"Off       ",0,10.8000002,"On        ","Right     ",4,0,139,47.4000015,96.6200027,20.3983002,144.1399994,"On        ","Right     ",7,0,NULL,NULL,1552816071000,1552816071000
1097998,"111004                                                                                                                                                                                                                                                         ",2019-03-17 09:47:52.000,"Start     ","On        ","On        ",241,"Off       ",0,12.4499998,"On        ","Right     ",4,0,139,47.4000015,96.6200027,20.2136993,143.9600067,"On        ","Right     ",7,0,NULL,NULL,1552816072000,1552816072000
1097999,"111004                                                                                                                                                                                                                                                         ",2019-03-17 09:47:53.000,"Start     ","On        ","On        ",241,"Off       ",0,11.25,"On        ","Right     ",4,0,139,47.2999992,96.4400024,20.2136993,143.9600067,"On        ","Right     ",7,0,NULL,NULL,1552816073000,1552816073000
1098000,"111004                                                                                                                                                                                                                                                         ",2019-03-17 09:47:54.000,"Start     ","On        ","On        ",240,"Off       ",0,11.6499996,"On        ","Right     ",4,0,139,47.2999992,96.6200027,20.3059998,143.9600067,"On        ","Right     ",7,0,NULL,NULL,1552816074000,1552816074000
1098001,"111004                                                                                                                                                                                                                                                         ",2019-03-17 09:47:55.000,"Start     ","On        ","On        ",240,"Off       ",0,11.6000004,"On        ","Right     ",4,0,139,47.2999992,96.4400024,20.2136993,143.9600067,"On        ","Right     ",7,0,NULL,NULL,1552816075000,1552816075000
1098002,"111004                                                                                                                                                                                                                                                         ",2019-03-17 09:47:56.000,"Start     ","On        ","On        ",241,"Off       ",0,11.8500004,"Off       ","Middle    ",0,0,139,47.2999992,96.6200027,20.1213989,143.9600067,"On        ","Right     ",7,0,NULL,NULL,1552816076000,1552816076000
1098003,"111004                                                                                                                                                                                                                                                         ",2019-03-17 09:47:57.000,"Start     ","On        ","On        ",241,"Off       ",0,11.1000004,"Off       ","Middle    ",0,0,139,47.2999992,96.6200027,19.9368,143.9600067,"On        ","Right     ",7,0,NULL,NULL,1552816077000,1552816077000
1098004,"111004                                                                                                                                                                                                                                                         ",2019-03-17 09:47:58.000,"Start     ","On        ","On        ",241,"Off       ",0,12.1000004,"Off       ","Middle    ",0,0,139,47.2999992,96.6200027,19.6598988,143.9600067,"On        ","Right     ",7,0,NULL,NULL,1552816078000,1552816078000
1098005,"111004                                                                                                                                                                                                                                                         ",2019-03-17 09:47:59.000,"Start     ","On        ","On        ",241,"Off       ",0,11.4499998,"Off       ","Middle    ",0,0,139,47.2999992,96.6200027,19.6598988,144.1399994,"On        ","Right     ",7,0,NULL,NULL,1552816079000,1552816079000
1098006,"111004                                                                                                                                                                                                                                                         ",2019-03-17 09:48:00.000,"Start     ","On        ","On        ",241,"Off       ",0,11.5500002,"Off       ","Middle    ",0,0,139,47.2999992,96.6200027,19.4752998,143.9600067,"On        ","Right     ",7,0,NULL,NULL,1552816080000,1552816080000
1098007,"111004                                                                                                                                                                                                                                                         ",2019-03-17 09:48:01.000,"Start     ","On        ","On        ",241,"Off       ",0,11.75,"Off       ","Middle    ",0,0,139,47.2000008,96.6200027,19.1061001,143.7799988,"On        ","Right     ",7,0,NULL,NULL,1552816081000,1552816081000
1098008,"111004                                                                                                                                                                                                                                                         ",2019-03-17 09:48:02.000,"Start     ","On        ","On        ",241,"Off       ",0,11.8000002,"On        ","Left      ",4,0,139,47.0999985,96.6200027,18.1831017,143.9600067,"On        ","Right     ",7,0,NULL,NULL,1552816082000,1552816082000
1098009,"111004                                                                                                                                                                                                                                                         ",2019-03-17 09:48:03.000,"Start     ","On        ","On        ",241,"Off       ",0,11.75,"On        ","Left      ",4,0,139,47.2000008,96.6200027,18.0908012,143.9600067,"On        ","Right     ",7,0,NULL,NULL,1552816083000,1552816083000
1098010,"111004                                                                                                                                                                                                                                                         ",2019-03-17 09:48:04.000,"Start     ","On        ","On        ",241,"Off       ",0,11.8000002,"On        ","Left      ",4,0,139,47,96.6200027,18.0908012,143.9600067,"On        ","Right     ",7,0,NULL,NULL,1552816084000,1552816084000
1098011,"111004                                                                                                                                                                                                                                                         ",2019-03-17 09:48:05.000,"Start     ","On        ","On        ",241,"Off       ",0,11.6999998,"On        ","Left      ",4,0,140,47,96.6200027,17.9062004,144.3200073,"On        ","Right     ",7,0,NULL,NULL,1552816085000,1552816085000
1098012,"111004                                                                                                                                                                                                                                                         ",2019-03-17 09:48:06.000,"Start     ","On        ","On        ",241,"Off       ",0,11.8000002,"On        ","Left      ",4,0,140,46.9000015,96.6200027,16.9832001,144.1399994,"On        ","Right     ",7,0,NULL,NULL,1552816086000,1552816086000
1098013,"111004                                                                                                                                                                                                                                                         ",2019-03-17 09:48:07.000,"Start     ","On        ","On        ",241,"Off       ",0,11.1499996,"On        ","Left      ",4,0,140,46.7999992,96.6200027,16.9832001,144.3200073,"On        ","Right     ",7,0,NULL,NULL,1552816087000,1552816087000
1098014,"111004                                                                                                                                                                                                                                                         ",2019-03-17 09:48:08.000,"Start     ","On        ","On        ",241,"Off       ",0,13.1000004,"On        ","Left      ",4,0,140,46.7000008,96.6200027,17.0755005,144.3200073,"On        ","Right     ",7,0,NULL,NULL,1552816088000,1552816088000
1098015,"111004                                                                                                                                                                                                                                                         ",2019-03-17 09:48:09.000,"Start     ","On        ","On        ",241,"Off       ",0,12.1000004,"On        ","Left      ",4,0,140,46.9000015,96.6200027,17.7216015,144.3200073,"On        ","Right     ",7,0,NULL,NULL,1552816089000,1552816089000
1098016,"111004                                                                                                                                                                                                                                                         ",2019-03-17 09:48:10.000,"Start     ","On        ","On        ",241,"Off       ",0,11.8999996,"On        ","Left      ",4,0,140,46.7999992,96.6200027,18.0908012,144.1399994,"On        ","Right     ",7,0,NULL,NULL,1552816090000,1552816090000
1098017,"111004                                                                                                                                                                                                                                                         ",2019-03-17 09:48:11.000,"Start     ","On        ","On        ",241,"Off       ",0,11.75,"On        ","Left      ",4,0,140,46.7000008,96.6200027,18.2754002,144.1399994,"On        ","Right     ",7,0,NULL,NULL,1552816091000,1552816091000
1098018,"111004                                                                                                                                                                                                                                                         ",2019-03-17 09:48:12.000,"Start     ","On        ","On        ",241,"Off       ",0,10.5500002,"On        ","Left      ",4,0,140,46.7000008,96.6200027,18.7368984,144.1399994,"On        ","Right     ",7,0,NULL,NULL,1552816092000,1552816092000
1098019,"111004                                                                                                                                                                                                                                                         ",2019-03-17 09:48:13.000,"Start     ","On        ","On        ",240,"Off       ",0,11.8000002,"On        ","Left      ",4,0,140,46.7999992,96.6200027,18.8291988,144.1399994,"On        ","Right     ",7,0,NULL,NULL,1552816093000,1552816093000
1098020,"111004                                                                                                                                                                                                                                                         ",2019-03-17 09:48:14.000,"Start     ","On        ","On        ",240,"Off       ",0,11.9499998,"On        ","Left      ",4,0,140,46.7999992,96.6200027,18.9214993,144.3200073,"On        ","Right     ",7,0,NULL,NULL,1552816094000,1552816094000
1098021,"111004                                                                                                                                                                                                                                                         ",2019-03-17 09:48:15.000,"Start     ","On        ","On        ",240,"Off       ",0,12.25,"On        ","Left      ",4,0,140,46.9000015,96.6200027,19.1983986,144.3200073,"On        ","Right     ",7,0,NULL,NULL,1552816095000,1552816095000
1098022,"111004                                                                                                                                                                                                                                                         ",2019-03-17 09:48:16.000,"Start     ","On        ","On        ",240,"Off       ",0,11.1499996,"On        ","Left      ",4,0,140,46.7999992,96.6200027,19.1061001,144.1399994,"On        ","Right     ",7,0,NULL,NULL,1552816096000,1552816096000
1098023,"111004                                                                                                                                                                                                                                                         ",2019-03-17 09:48:17.000,"Start     ","On        ","On        ",240,"Off       ",0,12.8000002,"On        ","Left      ",4,0,140,47.2999992,96.8000031,19.3829994,144.5,"On        ","Right     ",7,0,NULL,NULL,1552816097000,1552816097000
1098024,"111004                                                                                                                                                                                                                                                         ",2019-03-17 09:48:18.000,"Start     ","On        ","On        ",240,"Off       ",0,12.25,"On        ","Left      ",4,0,140,46.7000008,96.6200027,19.4752998,144.1399994,"On        ","Right     ",7,0,NULL,NULL,1552816098000,1552816098000
1098025,"111004                                                                                                                                                                                                                                                         ",2019-03-17 09:48:19.000,"Start     ","On        ","On        ",240,"Off       ",0,10.8999996,"On        ","Left      ",4,0,140,46.7999992,96.6200027,19.4752998,144.5,"On        ","Right     ",7,0,NULL,NULL,1552816099000,1552816099000
1098026,"111004                                                                                                                                                                                                                                                         ",2019-03-17 09:48:20.000,"Start     ","On        ","On        ",240,"Off       ",0,12.0500002,"On        ","Left      ",4,0,140,47.4000015,96.8000031,19.3829994,144.6799927,"On        ","Right     ",7,0,NULL,NULL,1552816100000,1552816100000
1098027,"111004                                                                                                                                                                                                                                                         ",2019-03-17 09:48:21.000,"Start     ","On        ","On        ",240,"Off       ",0,10.9499998,"On        ","Left      ",4,0,140,47.4000015,96.8000031,19.290699,144.5,"On        ","Right     ",7,0,NULL,NULL,1552816101000,1552816101000
1098028,"111004                                                                                                                                                                                                                                                         ",2019-03-17 09:48:22.000,"Start     ","On        ","On        ",240,"Off       ",0,10.8500004,"On        ","Left      ",4,0,140,47.2999992,96.8000031,19.4752998,144.5,"On        ","Right     ",7,0,NULL,NULL,1552816102000,1552816102000
1098029,"111004                                                                                                                                                                                                                                                         ",2019-03-17 09:48:23.000,"Start     ","On        ","On        ",240,"Off       ",0,11.3999996,"On        ","Left      ",4,0,140,47.2999992,96.8000031,19.3829994,144.5,"On        ","Right     ",7,0,NULL,NULL,1552816103000,1552816103000
1098030,"111004                                                                                                                                                                                                                                                         ",2019-03-17 09:48:24.000,"Start     ","On        ","On        ",240,"Off       ",0,11.5,"On        ","Left      ",4,0,140,47.2000008,96.8000031,19.4752998,144.6799927,"On        ","Right     ",7,0,NULL,NULL,1552816104000,1552816104000
1098031,"111004                                                                                                                                                                                                                                                         ",2019-03-17 09:48:25.000,"Start     ","On        ","On        ",240,"Off       ",0,12,"On        ","Left      ",4,0,140,46.9000015,96.6200027,19.4752998,144.5,"On        ","Right     ",7,0,NULL,NULL,1552816105000,1552816105000
1098032,"111004                                                                                                                                                                                                                                                         ",2019-03-17 09:48:26.000,"Start     ","On        ","On        ",240,"Off       ",0,11.3000002,"On        ","Left      ",4,0,140,47.2999992,96.8000031,19.290699,144.5,"On        ","Right     ",7,0,NULL,NULL,1552816106000,1552816106000
1098033,"111004                                                                                                                                                                                                                                                         ",2019-03-17 09:48:27.000,"Start     ","On        ","On        ",239,"Off       ",0,10.8999996,"On        ","Left      ",4,0,140,47.2999992,96.8000031,19.1983986,144.6799927,"On        ","Right     ",7,0,NULL,NULL,1552816107000,1552816107000
1098034,"111004                                                                                                                                                                                                                                                         ",2019-03-17 09:48:28.000,"Start     ","On        ","On        ",239,"Off       ",0,12.5500002,"On        ","Left      ",4,0,140,47.2000008,96.8000031,19.0137997,144.5,"On        ","Right     ",7,0,NULL,NULL,1552816108000,1552816108000
1098035,"111004                                                                                                                                                                                                                                                         ",2019-03-17 09:48:29.000,"Start     ","On        ","On        ",239,"Off       ",0,12,"On        ","Left      ",4,0,140,47.2999992,96.8000031,19.290699,144.5,"On        ","Right     ",7,0,NULL,NULL,1552816109000,1552816109000
1098036,"111004                                                                                                                                                                                                                                                         ",2019-03-17 09:48:30.000,"Start     ","On        ","On        ",239,"Off       ",0,11.4499998,"On        ","Left      ",4,0,140,46.7999992,96.6200027,19.290699,144.5,"On        ","Right     ",7,0,NULL,NULL,1552816110000,1552816110000
1098037,"111004                                                                                                                                                                                                                                                         ",2019-03-17 09:48:31.000,"Start     ","On        ","On        ",239,"Off       ",0,11.8000002,"On        ","Left      ",4,0,140,46.7999992,96.6200027,19.290699,144.5,"On        ","Right     ",7,0,NULL,NULL,1552816111000,1552816111000
1098038,"111004                                                                                                                                                                                                                                                         ",2019-03-17 09:48:32.000,"Start     ","On        ","On        ",239,"Off       ",0,11.75,"On        ","Left      ",4,0,140,47.2999992,96.8000031,19.290699,144.5,"On        ","Right     ",7,0,NULL,NULL,1552816112000,1552816112000
1098039,"111004                                                                                                                                                                                                                                                         ",2019-03-17 09:48:33.000,"Start     ","On        ","On        ",239,"Off       ",0,10.5500002,"On        ","Left      ",4,0,140,47.2999992,96.8000031,19.290699,144.6799927,"On        ","Right     ",7,0,NULL,NULL,1552816113000,1552816113000
1098040,"111004                                                                                                                                                                                                                                                         ",2019-03-17 09:48:34.000,"Start     ","On        ","On        ",239,"Off       ",0,11.4499998,"On        ","Left      ",4,0,140,47.2999992,96.8000031,19.3829994,144.6799927,"On        ","Right     ",7,0,NULL,NULL,1552816114000,1552816114000
1098041,"111004                                                                                                                                                                                                                                                         ",2019-03-17 09:48:35.000,"Start     ","On        ","On        ",239,"Off       ",0,11.3999996,"On        ","Left      ",4,0,140,46.7999992,96.6200027,19.3829994,144.5,"On        ","Right     ",7,0,NULL,NULL,1552816115000,1552816115000
1098042,"111004                                                                                                                                                                                                                                                         ",2019-03-17 09:48:36.000,"Start     ","On        ","On        ",239,"Off       ",0,11.6499996,"On        ","Left      ",4,0,140,47.2999992,96.8000031,19.0137997,144.5,"On        ","Right     ",7,0,NULL,NULL,1552816116000,1552816116000
1098043,"111004                                                                                                                                                                                                                                                         ",2019-03-17 09:48:37.000,"Start     ","On        ","On        ",239,"Off       ",0,11.25,"On        ","Left      ",4,0,140,47.2999992,96.8000031,19.0137997,144.8600006,"On        ","Right     ",7,0,NULL,NULL,1552816117000,1552816117000
1098044,"111004                                                                                                                                                                                                                                                         ",2019-03-17 09:48:38.000,"Start     ","On        ","On        ",239,"Off       ",0,11.5500002,"On        ","Left      ",4,0,140,46.9000015,96.6200027,19.1061001,144.8600006,"On        ","Right     ",7,0,NULL,NULL,1552816118000,1552816118000
1098045,"111004                                                                                                                                                                                                                                                         ",2019-03-17 09:48:39.000,"Start     ","On        ","On        ",239,"Off       ",0,13.3500004,"On        ","Left      ",4,0,140,47.2000008,96.8000031,19.0137997,144.5,"On        ","Right     ",7,0,NULL,NULL,1552816119000,1552816119000
1098046,"111004                                                                                                                                                                                                                                                         ",2019-03-17 09:48:40.000,"Start     ","On        ","On        ",239,"Off       ",0,12.1000004,"On        ","Left      ",4,0,140,47.2999992,96.8000031,18.9214993,144.5,"On        ","Right     ",7,0,NULL,NULL,1552816120000,1552816120000
1098047,"111004                                                                                                                                                                                                                                                         ",2019-03-17 09:48:41.000,"Start     ","On        ","On        ",239,"Off       ",0,11.75,"On        ","Left      ",4,0,140,47.2999992,96.8000031,18.6445999,144.8600006,"On        ","Right     ",7,0,NULL,NULL,1552816121000,1552816121000
1098048,"111004                                                                                                                                                                                                                                                         ",2019-03-17 09:48:42.000,"Start     ","On        ","On        ",239,"Off       ",0,11.5500002,"On        ","Left      ",4,0,140,47.2999992,96.8000031,18.4599991,144.8600006,"On        ","Right     ",7,0,NULL,NULL,1552816122000,1552816122000
1098049,"111004                                                                                                                                                                                                                                                         ",2019-03-17 09:48:43.000,"Start     ","On        ","On        ",239,"Off       ",0,11.5500002,"On        ","Left      ",4,0,140,47.2000008,96.8000031,18.5522995,144.8600006,"On        ","Right     ",7,0,NULL,NULL,1552816123000,1552816123000
1098050,"111004                                                                                                                                                                                                                                                         ",2019-03-17 09:48:44.000,"Start     ","On        ","On        ",239,"Off       ",0,10.8500004,"Off       ","Middle    ",0,0,140,47.0999985,96.8000031,18.5522995,144.8600006,"On        ","Right     ",7,0,NULL,NULL,1552816124000,1552816124000
1098051,"111004                                                                                                                                                                                                                                                         ",2019-03-17 09:48:45.000,"Start     ","On        ","On        ",239,"Off       ",0,11.5500002,"Off       ","Middle    ",0,0,140,46.5999985,96.6200027,18.2754002,144.8600006,"On        ","Right     ",7,0,NULL,NULL,1552816125000,1552816125000
1098052,"111004                                                                                                                                                                                                                                                         ",2019-03-17 09:48:46.000,"Start     ","On        ","On        ",239,"Off       ",0,10.1999998,"Off       ","Middle    ",0,0,140,47,96.8000031,18.4599991,144.8600006,"On        ","Right     ",7,0,NULL,NULL,1552816126000,1552816126000
1098053,"111004                                                                                                                                                                                                                                                         ",2019-03-17 09:48:47.000,"Start     ","On        ","On        ",239,"Off       ",0,11.6000004,"Off       ","Middle    ",0,0,141,47,96.8000031,18.6445999,144.8600006,"On        ","Right     ",7,0,NULL,NULL,1552816127000,1552816127000
1098054,"111004                                                                                                                                                                                                                                                         ",2019-03-17 09:48:48.000,"Start     ","On        ","On        ",239,"Off       ",0,11.6999998,"Off       ","Middle    ",0,0,141,47.0999985,96.8000031,18.0908012,145.2200012,"On        ","Right     ",7,0,NULL,NULL,1552816128000,1552816128000
1098055,"111004                                                                                                                                                                                                                                                         ",2019-03-17 09:48:49.000,"Start     ","On        ","On        ",239,"Off       ",0,11.6000004,"Off       ","Middle    ",0,0,141,47,96.8000031,17.7216015,145.2200012,"On        ","Right     ",7,0,NULL,NULL,1552816129000,1552816129000
1098056,"111004                                                                                                                                                                                                                                                         ",2019-03-17 09:48:50.000,"Start     ","On        ","On        ",239,"Off       ",0,11.6499996,"On        ","Right     ",4,0,141,47,96.8000031,17.2601013,145.2200012,"On        ","Right     ",7,0,NULL,NULL,1552816130000,1552816130000
1098057,"111004                                                                                                                                                                                                                                                         ",2019-03-17 09:48:51.000,"Start     ","On        ","On        ",239,"Off       ",0,11.6499996,"On        ","Right     ",4,0,141,46.5,96.6200027,16.9832001,144.8600006,"On        ","Right     ",7,0,NULL,NULL,1552816131000,1552816131000
1098058,"111004                                                                                                                                                                                                                                                         ",2019-03-17 09:48:52.000,"Start     ","On        ","On        ",239,"Off       ",0,11.6499996,"On        ","Right     ",4,0,141,46.5,96.6200027,16.6140003,145.2200012,"On        ","Right     ",7,0,NULL,NULL,1552816132000,1552816132000
1098059,"111004                                                                                                                                                                                                                                                         ",2019-03-17 09:48:53.000,"Start     ","On        ","On        ",239,"Off       ",0,11.6499996,"On        ","Right     ",4,0,141,47,96.8000031,16.337101,145.2200012,"On        ","Right     ",7,0,NULL,NULL,1552816133000,1552816133000
1098060,"111004                                                                                                                                                                                                                                                         ",2019-03-17 09:48:54.000,"Start     ","On        ","On        ",239,"Off       ",0,11.8500004,"On        ","Right     ",4,0,141,47,96.8000031,15.8756008,145.2200012,"On        ","Right     ",7,0,NULL,NULL,1552816134000,1552816134000
1098061,"111004                                                                                                                                                                                                                                                         ",2019-03-17 09:48:55.000,"Start     ","On        ","On        ",239,"Off       ",0,10.5500002,"On        ","Right     ",4,0,141,46.4000015,96.6200027,15.9678993,145.2200012,"On        ","Right     ",7,0,NULL,NULL,1552816135000,1552816135000
1098062,"111004                                                                                                                                                                                                                                                         ",2019-03-17 09:48:56.000,"Start     ","On        ","On        ",239,"Off       ",0,11.5500002,"On        ","Right     ",4,0,141,47,96.8000031,16.337101,145.2200012,"On        ","Right     ",7,0,NULL,NULL,1552816136000,1552816136000
1098063,"111004                                                                                                                                                                                                                                                         ",2019-03-17 09:48:57.000,"Start     ","On        ","On        ",239,"Off       ",0,11.6000004,"On        ","Right     ",4,0,141,46.9000015,96.8000031,16.8908997,145.2200012,"On        ","Right     ",7,0,NULL,NULL,1552816137000,1552816137000
1098064,"111004                                                                                                                                                                                                                                                         ",2019-03-17 09:48:58.000,"Start     ","On        ","On        ",239,"Off       ",0,12.1999998,"On        ","Right     ",4,0,141,47,96.8000031,17.6293011,145.2200012,"On        ","Right     ",7,0,NULL,NULL,1552816138000,1552816138000
1098065,"111004                                                                                                                                                                                                                                                         ",2019-03-17 09:48:59.000,"Start     ","On        ","On        ",239,"Off       ",0,11.1999998,"On        ","Right     ",4,0,141,46.5,96.6200027,17.9985008,145.2200012,"On        ","Right     ",7,0,NULL,NULL,1552816139000,1552816139000
1098066,"111004                                                                                                                                                                                                                                                         ",2019-03-17 09:49:00.000,"Start     ","On        ","On        ",239,"Off       ",0,11.4499998,"On        ","Right     ",4,0,141,47,96.8000031,18.0908012,145.2200012,"On        ","Right     ",7,0,NULL,NULL,1552816140000,1552816140000
1098067,"111004                                                                                                                                                                                                                                                         ",2019-03-17 09:49:01.000,"Start     ","On        ","On        ",239,"Off       ",0,12,"On        ","Right     ",4,0,141,47,96.8000031,18.4599991,145.0399933,"On        ","Right     ",7,0,NULL,NULL,1552816141000,1552816141000
1098072,"111004                                                                                                                                                                                                                                                         ",2019-03-17 09:49:02.000,"Start     ","On        ","On        ",239,"Off       ",0,12.0500002,"On        ","Right     ",4,0,141,47.0999985,96.8000031,18.9214993,145.3999939,"On        ","Right     ",7,0,NULL,NULL,1552816142000,1552816142000
1098070,"111004                                                                                                                                                                                                                                                         ",2019-03-17 09:49:03.000,"Start     ","On        ","On        ",239,"Off       ",0,12.1000004,"On        ","Right     ",4,0,141,47.0999985,96.8000031,18.5522995,145.2200012,"On        ","Right     ",7,0,NULL,NULL,1552816143000,1552816143000
1098075,"111004                                                                                                                                                                                                                                                         ",2019-03-17 09:49:04.000,"Start     ","On        ","On        ",239,"Off       ",0,11.3500004,"On        ","Right     ",4,0,141,47.2000008,96.8000031,18.7368984,145.2200012,"On        ","Right     ",7,0,NULL,NULL,1552816144000,1552816144000
1098073,"111004                                                                                                                                                                                                                                                         ",2019-03-17 09:49:05.000,"Start     ","On        ","On        ",239,"Off       ",0,11.8500004,"On        ","Right     ",4,0,141,47.2999992,96.8000031,18.7368984,145.2200012,"On        ","Right     ",7,0,NULL,NULL,1552816145000,1552816145000
1098074,"111004                                                                                                                                                                                                                                                         ",2019-03-17 09:49:06.000,"Start     ","On        ","On        ",239,"Off       ",0,11.8000002,"On        ","Right     ",4,0,141,47.0999985,96.8000031,19.290699,145.3999939,"On        ","Right     ",7,0,NULL,NULL,1552816146000,1552816146000
1098069,"111004                                                                                                                                                                                                                                                         ",2019-03-17 09:49:07.000,"Start     ","On        ","On        ",239,"Off       ",0,11.6000004,"On        ","Right     ",4,0,141,47.2999992,96.8000031,18.6445999,145.3999939,"On        ","Right     ",7,0,NULL,NULL,1552816147000,1552816147000
1098071,"111004                                                                                                                                                                                                                                                         ",2019-03-17 09:49:08.000,"Start     ","On        ","On        ",239,"Off       ",0,10.3999996,"On        ","Right     ",4,0,141,47.2999992,96.8000031,18.6445999,145.3999939,"On        ","Right     ",7,0,NULL,NULL,1552816148000,1552816148000
1098068,"111004                                                                                                                                                                                                                                                         ",2019-03-17 09:49:09.000,"Start     ","On        ","On        ",239,"Off       ",0,11.1000004,"On        ","Right     ",4,0,141,47.2999992,96.8000031,18.7368984,145.3999939,"On        ","Right     ",7,0,NULL,NULL,1552816149000,1552816149000
1098076,"111004                                                                                                                                                                                                                                                         ",2019-03-17 09:49:10.000,"Start     ","On        ","On        ",240,"Off       ",0,11.6000004,"On        ","Right     ",4,0,141,47.2999992,96.8000031,18.6445999,145.3999939,"On        ","Right     ",7,0,NULL,NULL,1552816150000,1552816150000
1098078,"111004                                                                                                                                                                                                                                                         ",2019-03-17 09:49:11.000,"Start     ","On        ","On        ",240,"Off       ",0,12.75,"On        ","Right     ",4,0,141,46.7999992,96.6200027,18.6445999,145.3999939,"On        ","Right     ",7,0,NULL,NULL,1552816151000,1552816151000
1098079,"111004                                                                                                                                                                                                                                                         ",2019-03-17 09:49:12.000,"Start     ","On        ","On        ",240,"Off       ",0,12.6499996,"On        ","Right     ",4,0,141,47.2999992,96.8000031,18.6445999,145.3999939,"On        ","Right     ",7,0,NULL,NULL,1552816152000,1552816152000
1098077,"111004                                                                                                                                                                                                                                                         ",2019-03-17 09:49:13.000,"Start     ","On        ","On        ",240,"Off       ",0,10.9499998,"On        ","Right     ",4,0,141,47.2999992,96.8000031,18.6445999,145.3999939,"On        ","Right     ",7,0,NULL,NULL,1552816153000,1552816153000
1098082,"111004                                                                                                                                                                                                                                                         ",2019-03-17 09:49:14.000,"Start     ","On        ","On        ",240,"Off       ",0,11.4499998,"On        ","Right     ",4,0,141,47.2999992,96.8000031,18.6445999,145.3999939,"On        ","Right     ",7,0,NULL,NULL,1552816154000,1552816154000
1098083,"111004                                                                                                                                                                                                                                                         ",2019-03-17 09:49:15.000,"Start     ","On        ","On        ",240,"Off       ",0,11.5,"On        ","Right     ",4,0,141,47.2999992,96.8000031,18.7368984,145.3999939,"On        ","Right     ",7,0,NULL,NULL,1552816155000,1552816155000
1098080,"111004                                                                                                                                                                                                                                                         ",2019-03-17 09:49:16.000,"Start     ","On        ","On        ",240,"Off       ",0,11.3000002,"On        ","Right     ",4,0,141,47.2999992,96.8000031,18.6445999,145.3999939,"On        ","Right     ",7,0,NULL,NULL,1552816156000,1552816156000
1098084,"111004                                                                                                                                                                                                                                                         ",2019-03-17 09:49:17.000,"Start     ","On        ","On        ",240,"Off       ",0,10.25,"On        ","Right     ",4,0,141,47.2000008,96.8000031,18.6445999,145.3999939,"On        ","Right     ",7,0,NULL,NULL,1552816157000,1552816157000
1098086,"111004                                                                                                                                                                                                                                                         ",2019-03-17 09:49:18.000,"Start     ","On        ","On        ",240,"Off       ",0,11.3999996,"On        ","Right     ",4,0,141,47.2999992,96.8000031,18.6445999,145.3999939,"On        ","Right     ",7,0,NULL,NULL,1552816158000,1552816158000
1098085,"111004                                                                                                                                                                                                                                                         ",2019-03-17 09:49:19.000,"Start     ","On        ","On        ",240,"Off       ",0,11.4499998,"On        ","Right     ",4,0,141,47.2999992,96.8000031,18.6445999,145.3999939,"On        ","Right     ",7,0,NULL,NULL,1552816159000,1552816159000
1098081,"111004                                                                                                                                                                                                                                                         ",2019-03-17 09:49:20.000,"Start     ","On        ","On        ",240,"Off       ",0,11.0500002,"On        ","Right     ",4,0,141,47.2999992,96.8000031,18.5522995,145.3999939,"On        ","Right     ",7,0,NULL,NULL,1552816160000,1552816160000
1098087,"111004                                                                                                                                                                                                                                                         ",2019-03-17 09:49:21.000,"Start     ","On        ","On        ",240,"Off       ",0,11.3500004,"On        ","Right     ",4,0,141,47.2999992,96.8000031,18.6445999,145.3999939,"On        ","Right     ",7,0,NULL,NULL,1552816161000,1552816161000
1098088,"111004                                                                                                                                                                                                                                                         ",2019-03-17 09:49:22.000,"Start     ","On        ","On        ",240,"Off       ",0,10.8500004,"On        ","Right     ",4,0,141,46.7000008,96.6200027,18.5522995,145.5800018,"On        ","Right     ",7,0,NULL,NULL,1552816162000,1552816162000
1098089,"111004                                                                                                                                                                                                                                                         ",2019-03-17 09:49:23.000,"Start     ","On        ","On        ",240,"Off       ",0,13.1499996,"On        ","Right     ",4,0,141,47.2000008,96.8000031,18.5522995,145.3999939,"On        ","Right     ",7,0,NULL,NULL,1552816163000,1552816163000
1098090,"111004                                                                                                                                                                                                                                                         ",2019-03-17 09:49:24.000,"Start     ","On        ","On        ",240,"Off       ",0,11.8500004,"On        ","Right     ",4,0,141,47.2999992,96.9799957,18.5522995,145.3999939,"On        ","Right     ",7,0,NULL,NULL,1552816164000,1552816164000
1098091,"111004                                                                                                                                                                                                                                                         ",2019-03-17 09:49:25.000,"Start     ","On        ","On        ",240,"Off       ",0,11.6000004,"On        ","Right     ",4,0,141,47.2999992,96.8000031,18.4599991,145.7599945,"On        ","Right     ",7,0,NULL,NULL,1552816165000,1552816165000
1098092,"111004                                                                                                                                                                                                                                                         ",2019-03-17 09:49:26.000,"Start     ","On        ","On        ",240,"Off       ",0,11.75,"On        ","Right     ",4,0,141,47.2999992,96.8000031,18.4599991,145.3999939,"On        ","Right     ",7,0,NULL,NULL,1552816166000,1552816166000
1098093,"111004                                                                                                                                                                                                                                                         ",2019-03-17 09:49:27.000,"Start     ","On        ","On        ",240,"Off       ",0,10.75,"On        ","Right     ",4,0,141,47.2999992,96.9799957,18.3677006,145.7599945,"On        ","Right     ",7,0,NULL,NULL,1552816167000,1552816167000
1098094,"111004                                                                                                                                                                                                                                                         ",2019-03-17 09:49:28.000,"Start     ","On        ","On        ",240,"Off       ",0,11.3999996,"On        ","Right     ",4,0,141,47.2999992,96.8000031,18.0908012,145.7599945,"On        ","Right     ",7,0,NULL,NULL,1552816168000,1552816168000
1098095,"111004                                                                                                                                                                                                                                                         ",2019-03-17 09:49:29.000,"Start     ","On        ","On        ",240,"Off       ",0,11.5,"On        ","Right     ",4,0,141,47.2000008,96.8000031,17.9062004,145.7599945,"On        ","Right     ",7,0,NULL,NULL,1552816169000,1552816169000
1098096,"111004                                                                                                                                                                                                                                                         ",2019-03-17 09:49:30.000,"Start     ","On        ","On        ",240,"Off       ",0,11.3000002,"On        ","Right     ",4,0,141,47,96.8000031,18.1831017,145.7599945,"On        ","Right     ",7,0,NULL,NULL,1552816170000,1552816170000
1098097,"111004                                                                                                                                                                                                                                                         ",2019-03-17 09:49:31.000,"Start     ","On        ","On        ",241,"Off       ",0,12.3500004,"On        ","Right     ",4,0,141,47.2000008,96.8000031,18.1831017,145.7599945,"On        ","Right     ",7,0,NULL,NULL,1552816171000,1552816171000
1098098,"111004                                                                                                                                                                                                                                                         ",2019-03-17 09:49:32.000,"Start     ","On        ","On        ",241,"Off       ",0,11.3000002,"On        ","Right     ",4,0,141,47,96.8000031,18.0908012,145.7599945,"On        ","Right     ",7,0,NULL,NULL,1552816172000,1552816172000
1098099,"111004                                                                                                                                                                                                                                                         ",2019-03-17 09:49:33.000,"Start     ","On        ","On        ",241,"Off       ",0,11.6999998,"Off       ","Middle    ",0,0,141,47.0999985,96.8000031,17.8139,145.5800018,"On        ","Right     ",7,0,NULL,NULL,1552816173000,1552816173000
1098100,"111004                                                                                                                                                                                                                                                         ",2019-03-17 09:49:34.000,"Start     ","On        ","On        ",241,"Off       ",0,11.6000004,"Off       ","Middle    ",0,0,141,47.0999985,96.8000031,17.9062004,145.7599945,"On        ","Right     ",7,0,NULL,NULL,1552816174000,1552816174000
1098101,"111004                                                                                                                                                                                                                                                         ",2019-03-17 09:49:35.000,"Start     ","On        ","On        ",240,"Off       ",0,11.6999998,"Off       ","Middle    ",0,0,141,47,96.8000031,18.1831017,145.7599945,"On        ","Right     ",7,0,NULL,NULL,1552816175000,1552816175000
1098102,"111004                                                                                                                                                                                                                                                         ",2019-03-17 09:49:36.000,"Start     ","On        ","On        ",240,"Off       ",0,10.8000002,"Off       ","Middle    ",0,0,141,46.9000015,96.9799957,18.2754002,145.7599945,"On        ","Right     ",7,0,NULL,NULL,1552816176000,1552816176000
1098103,"111004                                                                                                                                                                                                                                                         ",2019-03-17 09:49:37.000,"Start     ","On        ","On        ",241,"Off       ",0,11.4499998,"Off       ","Middle    ",0,0,141,47,96.8000031,18.0908012,145.7599945,"On        ","Right     ",7,0,NULL,NULL,1552816177000,1552816177000
1098104,"111004                                                                                                                                                                                                                                                         ",2019-03-17 09:49:38.000,"Start     ","On        ","On        ",241,"Off       ",0,11.5500002,"Off       ","Middle    ",0,0,141,47,96.8000031,17.5370007,145.7599945,"On        ","Right     ",7,0,NULL,NULL,1552816178000,1552816178000
1098105,"111004                                                                                                                                                                                                                                                         ",2019-03-17 09:49:39.000,"Start     ","On        ","On        ",240,"Off       ",0,11.5,"On        ","Left      ",4,0,141,46.9000015,96.8000031,16.9832001,145.5800018,"On        ","Right     ",7,0,NULL,NULL,1552816179000,1552816179000
1098106,"111004                                                                                                                                                                                                                                                         ",2019-03-17 09:49:40.000,"Start     ","On        ","On        ",240,"Off       ",0,11.5,"On        ","Left      ",4,0,141,46.7999992,96.8000031,16.6140003,145.7599945,"On        ","Right     ",7,0,NULL,NULL,1552816180000,1552816180000
1098107,"111004                                                                                                                                                                                                                                                         ",2019-03-17 09:49:41.000,"Start     ","On        ","On        ",241,"Off       ",0,11.5,"On        ","Left      ",4,0,141,46.7000008,96.8000031,16.0601997,145.7599945,"On        ","Right     ",7,0,NULL,NULL,1552816181000,1552816181000
1098108,"111004                                                                                                                                                                                                                                                         ",2019-03-17 09:49:42.000,"Start     ","On        ","On        ",241,"Off       ",0,11.6000004,"On        ","Left      ",4,0,141,46.7000008,96.8000031,15.4141006,145.5800018,"On        ","Right     ",7,0,NULL,NULL,1552816182000,1552816182000
1098109,"111004                                                                                                                                                                                                                                                         ",2019-03-17 09:49:43.000,"Start     ","On        ","On        ",242,"Off       ",0,11.6499996,"On        ","Left      ",4,0,141,46.5,96.8000031,15.1371994,145.9400024,"On        ","Right     ",7,0,NULL,NULL,1552816183000,1552816183000
1098110,"111004                                                                                                                                                                                                                                                         ",2019-03-17 09:49:44.000,"Start     ","On        ","On        ",242,"Off       ",0,11.75,"On        ","Left      ",4,0,141,46.4000015,96.8000031,15.044899,145.9400024,"On        ","Right     ",7,0,NULL,NULL,1552816184000,1552816184000
1098111,"111004                                                                                                                                                                                                                                                         ",2019-03-17 09:49:45.000,"Start     ","On        ","On        ",241,"Off       ",0,11.6000004,"On        ","Left      ",4,0,142,46.4000015,96.8000031,15.1371994,146.1199951,"On        ","Right     ",7,0,NULL,NULL,1552816185000,1552816185000
1098112,"111004                                                                                                                                                                                                                                                         ",2019-03-17 09:49:46.000,"Start     ","On        ","On        ",241,"Off       ",0,12.1999998,"On        ","Left      ",4,0,142,46.4000015,96.8000031,15.5063992,146.1199951,"On        ","Right     ",7,0,NULL,NULL,1552816186000,1552816186000
1098113,"111004                                                                                                                                                                                                                                                         ",2019-03-17 09:49:47.000,"Start     ","On        ","On        ",242,"Off       ",0,11.6000004,"On        ","Left      ",4,0,142,46.5,96.9799957,16.0601997,145.9400024,"On        ","Right     ",7,0,NULL,NULL,1552816187000,1552816187000
1098114,"111004                                                                                                                                                                                                                                                         ",2019-03-17 09:49:48.000,"Start     ","On        ","On        ",242,"Off       ",0,10.0500002,"On        ","Left      ",4,0,142,46.5,96.9799957,16.6140003,146.1199951,"On        ","Right     ",7,0,NULL,NULL,1552816188000,1552816188000
1098115,"111004                                                                                                                                                                                                                                                         ",2019-03-17 09:49:49.000,"Start     ","On        ","On        ",242,"Off       ",0,9.5,"On        ","Left      ",4,0,142,46.5,96.9799957,16.7063007,145.9400024,"On        ","Right     ",7,0,NULL,NULL,1552816189000,1552816189000
1098116,"111004                                                                                                                                                                                                                                                         ",2019-03-17 09:49:50.000,"Start     ","On        ","On        ",242,"Off       ",0,11.1499996,"On        ","Left      ",4,0,142,46.5,96.8000031,17.0755005,146.1199951,"On        ","Right     ",7,0,NULL,NULL,1552816190000,1552816190000
1098117,"111004                                                                                                                                                                                                                                                         ",2019-03-17 09:49:51.000,"Start     ","On        ","On        ",242,"Off       ",0,10.6499996,"On        ","Left      ",4,0,142,46.5,96.8000031,17.3523998,145.9400024,"On        ","Right     ",7,0,NULL,NULL,1552816191000,1552816191000
1098118,"111004                                                                                                                                                                                                                                                         ",2019-03-17 09:49:52.000,"Start     ","On        ","On        ",242,"Off       ",0,11.6000004,"On        ","Left      ",4,0,143,46.7000008,96.9799957,17.7216015,146.4799957,"On        ","Right     ",7,0,NULL,NULL,1552816192000,1552816192000
1098119,"111004                                                                                                                                                                                                                                                         ",2019-03-17 09:49:53.000,"Start     ","On        ","On        ",242,"Off       ",0,12.6499996,"On        ","Left      ",4,0,143,46.5999985,96.8000031,17.9062004,146.3000031,"On        ","Right     ",7,0,NULL,NULL,1552816193000,1552816193000
1098120,"111004                                                                                                                                                                                                                                                         ",2019-03-17 09:49:54.000,"Start     ","On        ","On        ",241,"Off       ",0,11.8500004,"On        ","Left      ",4,0,143,46.5999985,96.9799957,17.9062004,146.4799957,"On        ","Right     ",7,0,NULL,NULL,1552816194000,1552816194000
1098121,"111004                                                                                                                                                                                                                                                         ",2019-03-17 09:49:55.000,"Start     ","On        ","On        ",241,"Off       ",0,10.8500004,"On        ","Left      ",4,0,143,46.5999985,96.9799957,17.9062004,146.1199951,"On        ","Right     ",7,0,NULL,NULL,1552816195000,1552816195000
1098122,"111004                                                                                                                                                                                                                                                         ",2019-03-17 09:49:56.000,"Start     ","On        ","On        ",240,"Off       ",0,12.1499996,"On        ","Left      ",4,0,143,46.5,96.8000031,17.9062004,146.3000031,"On        ","Right     ",7,0,NULL,NULL,1552816196000,1552816196000
1098123,"111004                                                                                                                                                                                                                                                         ",2019-03-17 09:49:57.000,"Start     ","On        ","On        ",240,"Off       ",0,10.8999996,"On        ","Left      ",4,0,143,46.5,96.8000031,18.0908012,146.4799957,"On        ","Right     ",7,0,NULL,NULL,1552816197000,1552816197000
1098124,"111004                                                                                                                                                                                                                                                         ",2019-03-17 09:49:58.000,"Start     ","On        ","On        ",240,"Off       ",0,10.6000004,"On        ","Left      ",4,0,143,46.5,96.9799957,18.1831017,146.3000031,"On        ","Right     ",7,0,NULL,NULL,1552816198000,1552816198000
1098125,"111004                                                                                                                                                                                                                                                         ",2019-03-17 09:49:59.000,"Start     ","On        ","On        ",240,"Off       ",0,11.3999996,"On        ","Left      ",4,0,143,46.4000015,96.8000031,17.9062004,146.3000031,"On        ","Right     ",7,0,NULL,NULL,1552816199000,1552816199000
1098126,"111004                                                                                                                                                                                                                                                         ",2019-03-17 09:50:00.000,"Start     ","On        ","On        ",240,"Off       ",0,11.1999998,"On        ","Left      ",4,0,143,46.4000015,96.9799957,17.7216015,146.3000031,"On        ","Right     ",7,0,NULL,NULL,1552816200000,1552816200000
1098127,"111004                                                                                                                                                                                                                                                         ",2019-03-17 09:50:01.000,"Start     ","On        ","On        ",240,"Off       ",0,11.25,"On        ","Left      ",4,0,143,46.5,96.8000031,17.8139,146.3000031,"On        ","Right     ",7,0,NULL,NULL,1552816201000,1552816201000
1098128,"111004                                                                                                                                                                                                                                                         ",2019-03-17 09:50:02.000,"Start     ","On        ","On        ",240,"Off       ",0,10.6999998,"On        ","Left      ",4,0,143,46.2999992,96.9799957,17.7216015,146.3000031,"On        ","Right     ",7,0,NULL,NULL,1552816202000,1552816202000
1098129,"111004                                                                                                                                                                                                                                                         ",2019-03-17 09:50:03.000,"Start     ","On        ","On        ",240,"Off       ",0,11.5500002,"On        ","Left      ",4,0,143,46.4000015,96.9799957,17.7216015,146.3000031,"On        ","Right     ",7,0,NULL,NULL,1552816203000,1552816203000
1098130,"111004                                                                                                                                                                                                                                                         ",2019-03-17 09:50:04.000,"Start     ","On        ","On        ",239,"Off       ",0,11.9499998,"On        ","Left      ",4,0,143,46.4000015,96.8000031,17.7216015,146.3000031,"On        ","Right     ",7,0,NULL,NULL,1552816204000,1552816204000
1098131,"111004                                                                                                                                                                                                                                                         ",2019-03-17 09:50:05.000,"Start     ","On        ","On        ",239,"Off       ",0,11.8000002,"On        ","Left      ",4,0,143,46.5,96.9799957,17.7216015,146.4799957,"On        ","Right     ",7,0,NULL,NULL,1552816205000,1552816205000
1098132,"111004                                                                                                                                                                                                                                                         ",2019-03-17 09:50:06.000,"Start     ","On        ","On        ",239,"Off       ",0,11.3500004,"On        ","Left      ",4,0,143,46.5,96.8000031,17.6293011,146.3000031,"On        ","Right     ",7,0,NULL,NULL,1552816206000,1552816206000
1098133,"111004                                                                                                                                                                                                                                                         ",2019-03-17 09:50:07.000,"Start     ","On        ","On        ",239,"Off       ",0,11.3000002,"On        ","Left      ",4,0,143,46.5999985,96.9799957,17.7216015,146.3000031,"On        ","Right     ",7,0,NULL,NULL,1552816207000,1552816207000
1098134,"111004                                                                                                                                                                                                                                                         ",2019-03-17 09:50:08.000,"Start     ","On        ","On        ",239,"Off       ",0,10.5,"On        ","Left      ",4,0,143,46.5,96.9799957,17.7216015,146.3000031,"On        ","Right     ",7,0,NULL,NULL,1552816208000,1552816208000
1098135,"111004                                                                                                                                                                                                                                                         ",2019-03-17 09:50:09.000,"Start     ","On        ","On        ",239,"Off       ",0,9.8000002,"On        ","Left      ",4,0,143,46.5,96.8000031,17.6293011,146.3000031,"On        ","Right     ",7,0,NULL,NULL,1552816209000,1552816209000
1098136,"111004                                                                                                                                                                                                                                                         ",2019-03-17 09:50:10.000,"Start     ","On        ","On        ",239,"Off       ",0,13.4499998,"On        ","Left      ",4,0,143,46.2999992,96.9799957,17.5370007,146.6600037,"On        ","Right     ",7,0,NULL,NULL,1552816210000,1552816210000
1098137,"111004                                                                                                                                                                                                                                                         ",2019-03-17 09:50:11.000,"Start     ","On        ","On        ",239,"Off       ",0,11.5500002,"On        ","Left      ",4,0,143,46.2999992,96.9799957,17.4447002,146.3000031,"On        ","Right     ",7,0,NULL,NULL,1552816211000,1552816211000
1098138,"111004                                                                                                                                                                                                                                                         ",2019-03-17 09:50:12.000,"Start     ","On        ","On        ",239,"Off       ",0,11.8000002,"On        ","Left      ",4,0,143,46.4000015,96.8000031,17.4447002,146.6600037,"On        ","Right     ",7,0,NULL,NULL,1552816212000,1552816212000
1098139,"111004                                                                                                                                                                                                                                                         ",2019-03-17 09:50:13.000,"Start     ","On        ","On        ",239,"Off       ",0,12.25,"On        ","Left      ",4,0,143,46.4000015,96.9799957,17.3523998,146.6600037,"On        ","Right     ",7,0,NULL,NULL,1552816213000,1552816213000
1098140,"111004                                                                                                                                                                                                                                                         ",2019-03-17 09:50:14.000,"Start     ","On        ","On        ",239,"Off       ",0,12.8000002,"On        ","Left      ",4,0,143,46.5,96.8000031,17.1678009,146.6600037,"On        ","Right     ",7,0,NULL,NULL,1552816214000,1552816214000
1098141,"111004                                                                                                                                                                                                                                                         ",2019-03-17 09:50:15.000,"Start     ","On        ","On        ",239,"Off       ",0,12.0500002,"On        ","Left      ",4,0,143,46.4000015,96.9799957,17.0755005,146.6600037,"On        ","Right     ",7,0,NULL,NULL,1552816215000,1552816215000
1098142,"111004                                                                                                                                                                                                                                                         ",2019-03-17 09:50:16.000,"Start     ","On        ","On        ",239,"Off       ",0,11.4499998,"On        ","Left      ",4,0,143,46.5,96.9799957,17.0755005,146.6600037,"On        ","Right     ",7,0,NULL,NULL,1552816216000,1552816216000
1098143,"111004                                                                                                                                                                                                                                                         ",2019-03-17 09:50:17.000,"Start     ","On        ","On        ",239,"Off       ",0,10.6999998,"On        ","Left      ",4,0,143,46.5,96.8000031,16.9832001,146.6600037,"On        ","Right     ",7,0,NULL,NULL,1552816217000,1552816217000
1098144,"111004                                                                                                                                                                                                                                                         ",2019-03-17 09:50:18.000,"Start     ","On        ","On        ",239,"Off       ",0,11,"On        ","Left      ",4,0,143,46.5,96.8000031,16.7986012,146.6600037,"On        ","Right     ",7,0,NULL,NULL,1552816218000,1552816218000
1098145,"111004                                                                                                                                                                                                                                                         ",2019-03-17 09:50:19.000,"Start     ","On        ","On        ",239,"Off       ",0,11.0500002,"On        ","Left      ",4,0,143,46.5999985,96.9799957,16.7986012,146.6600037,"On        ","Right     ",7,0,NULL,NULL,1552816219000,1552816219000
1098146,"111004                                                                                                                                                                                                                                                         ",2019-03-17 09:50:20.000,"Start     ","On        ","On        ",239,"Off       ",0,11.4499998,"On        ","Left      ",4,0,143,46.4000015,96.8000031,16.7986012,146.6600037,"On        ","Right     ",7,0,NULL,NULL,1552816220000,1552816220000
1098147,"111004                                                                                                                                                                                                                                                         ",2019-03-17 09:50:21.000,"Start     ","On        ","On        ",239,"Off       ",0,11.4499998,"On        ","Left      ",4,0,143,46.5,96.9799957,16.7986012,147.0200043,"On        ","Right     ",7,0,NULL,NULL,1552816221000,1552816221000
1098148,"111004                                                                                                                                                                                                                                                         ",2019-03-17 09:50:22.000,"Start     ","On        ","On        ",239,"Off       ",0,11.25,"Off       ","Middle    ",0,0,143,46.4000015,96.9799957,16.6140003,147.0200043,"On        ","Right     ",7,0,NULL,NULL,1552816222000,1552816222000
1098149,"111004                                                                                                                                                                                                                                                         ",2019-03-17 09:50:23.000,"Start     ","On        ","On        ",239,"Off       ",0,12,"Off       ","Middle    ",0,0,143,46.4000015,96.9799957,16.6140003,146.6600037,"On        ","Right     ",7,0,NULL,NULL,1552816223000,1552816223000
1098150,"111004                                                                                                                                                                                                                                                         ",2019-03-17 09:50:24.000,"Start     ","On        ","On        ",239,"Off       ",0,11.3500004,"Off       ","Middle    ",0,0,143,46.2999992,96.8000031,16.6140003,147.0200043,"On        ","Right     ",7,0,NULL,NULL,1552816224000,1552816224000
1098151,"111004                                                                                                                                                                                                                                                         ",2019-03-17 09:50:25.000,"Start     ","On        ","On        ",239,"Off       ",0,11.4499998,"Off       ","Middle    ",0,0,143,46.2999992,96.9799957,16.5216999,147.0200043,"On        ","Right     ",7,0,NULL,NULL,1552816225000,1552816225000
1098152,"111004                                                                                                                                                                                                                                                         ",2019-03-17 09:50:26.000,"Start     ","On        ","On        ",239,"Off       ",0,11.5500002,"Off       ","Middle    ",0,0,143,46.4000015,96.8000031,16.4293995,147.0200043,"On        ","Right     ",7,0,NULL,NULL,1552816226000,1552816226000
1098153,"111004                                                                                                                                                                                                                                                         ",2019-03-17 09:50:27.000,"Start     ","On        ","On        ",239,"Off       ",0,11.4499998,"Off       ","Middle    ",0,0,143,46.2999992,96.9799957,15.9678993,147.0200043,"On        ","Right     ",7,0,NULL,NULL,1552816227000,1552816227000
1098154,"111004                                                                                                                                                                                                                                                         ",2019-03-17 09:50:28.000,"Start     ","On        ","On        ",239,"Off       ",0,11.3999996,"On        ","Right     ",4,0,143,46.2999992,96.9799957,15.5063992,147.0200043,"On        ","Right     ",7,0,NULL,NULL,1552816228000,1552816228000
1098155,"111004                                                                                                                                                                                                                                                         ",2019-03-17 09:50:29.000,"Start     ","On        ","On        ",239,"Off       ",0,11.3999996,"On        ","Right     ",4,0,143,46.2999992,96.8000031,15.044899,147.0200043,"On        ","Right     ",7,0,NULL,NULL,1552816229000,1552816229000
1098156,"111004                                                                                                                                                                                                                                                         ",2019-03-17 09:50:30.000,"Start     ","On        ","On        ",239,"Off       ",0,11.3999996,"On        ","Right     ",4,0,143,46.2000008,96.9799957,14.3987999,147.0200043,"On        ","Right     ",7,0,NULL,NULL,1552816230000,1552816230000
1098157,"111004                                                                                                                                                                                                                                                         ",2019-03-17 09:50:31.000,"Start     ","On        ","On        ",239,"Off       ",0,11.5,"On        ","Right     ",4,0,143,46.2000008,96.8000031,14.0296001,147.0200043,"On        ","Right     ",7,0,NULL,NULL,1552816231000,1552816231000
1098158,"111004                                                                                                                                                                                                                                                         ",2019-03-17 09:50:32.000,"Start     ","On        ","On        ",239,"Off       ",0,11.6999998,"On        ","Right     ",4,0,143,46.0999985,96.8000031,13.9373007,147.0200043,"On        ","Right     ",7,0,NULL,NULL,1552816232000,1552816232000
1098159,"111004                                                                                                                                                                                                                                                         ",2019-03-17 09:50:33.000,"Start     ","On        ","On        ",239,"Off       ",0,10.8500004,"On        ","Right     ",4,0,143,46.2000008,96.8000031,14.3987999,147.3800049,"On        ","Right     ",7,0,NULL,NULL,1552816233000,1552816233000
1098160,"111004                                                                                                                                                                                                                                                         ",2019-03-17 09:50:34.000,"Start     ","On        ","On        ",239,"Off       ",0,10.6499996,"On        ","Right     ",4,0,143,46.2000008,96.9799957,14.3987999,147.1999969,"On        ","Right     ",7,0,NULL,NULL,1552816234000,1552816234000
1098161,"111004                                                                                                                                                                                                                                                         ",2019-03-17 09:50:35.000,"Start     ","On        ","On        ",239,"Off       ",0,10.8999996,"On        ","Right     ",4,0,143,46.2000008,96.9799957,15.044899,147.1999969,"On        ","Right     ",7,0,NULL,NULL,1552816235000,1552816235000
1098162,"111004                                                                                                                                                                                                                                                         ",2019-03-17 09:50:36.000,"Start     ","On        ","On        ",239,"Off       ",0,11.3500004,"On        ","Right     ",4,0,144,46.2999992,96.9799957,15.3218002,147.3800049,"On        ","Right     ",7,0,NULL,NULL,1552816236000,1552816236000
1098163,"111004                                                                                                                                                                                                                                                         ",2019-03-17 09:50:37.000,"Start     ","On        ","On        ",239,"Off       ",0,10.6499996,"On        ","Right     ",4,0,144,46.2999992,96.9799957,15.7833004,147.3800049,"On        ","Right     ",7,0,NULL,NULL,1552816237000,1552816237000
1098164,"111004                                                                                                                                                                                                                                                         ",2019-03-17 09:50:38.000,"Start     ","On        ","On        ",239,"Off       ",0,11.8000002,"On        ","Right     ",4,0,144,46.4000015,96.9799957,16.0601997,147.1999969,"On        ","Right     ",7,0,NULL,NULL,1552816238000,1552816238000
1098165,"111004                                                                                                                                                                                                                                                         ",2019-03-17 09:50:39.000,"Start     ","On        ","On        ",239,"Off       ",0,11.3500004,"On        ","Right     ",4,0,144,46.5999985,96.9799957,16.337101,147.3800049,"On        ","Right     ",7,0,NULL,NULL,1552816239000,1552816239000
1098166,"111004                                                                                                                                                                                                                                                         ",2019-03-17 09:50:40.000,"Start     ","On        ","On        ",240,"Off       ",0,11.6499996,"On        ","Right     ",4,0,144,46.5999985,96.8000031,16.4293995,147.1999969,"On        ","Right     ",7,0,NULL,NULL,1552816240000,1552816240000
1098167,"111004                                                                                                                                                                                                                                                         ",2019-03-17 09:50:41.000,"Start     ","On        ","On        ",240,"Off       ",0,10.8999996,"On        ","Right     ",4,0,144,46.5,96.9799957,16.5216999,147.1999969,"On        ","Right     ",7,0,NULL,NULL,1552816241000,1552816241000
1098168,"111004                                                                                                                                                                                                                                                         ",2019-03-17 09:50:42.000,"Start     ","On        ","On        ",239,"Off       ",0,12.25,"On        ","Right     ",4,0,144,46.7000008,96.8000031,16.4293995,147.1999969,"On        ","Right     ",7,0,NULL,NULL,1552816242000,1552816242000
1098169,"111004                                                                                                                                                                                                                                                         ",2019-03-17 09:50:43.000,"Start     ","On        ","On        ",239,"Off       ",0,11.75,"On        ","Right     ",4,0,144,46.7000008,96.9799957,16.337101,147.3800049,"On        ","Right     ",7,0,NULL,NULL,1552816243000,1552816243000
1098170,"111004                                                                                                                                                                                                                                                         ",2019-03-17 09:50:44.000,"Start     ","On        ","On        ",239,"Off       ",0,10.8000002,"On        ","Right     ",4,0,144,46.7000008,96.9799957,16.337101,147.3800049,"On        ","Right     ",7,0,NULL,NULL,1552816244000,1552816244000
1098171,"111004                                                                                                                                                                                                                                                         ",2019-03-17 09:50:45.000,"Start     ","On        ","On        ",239,"Off       ",0,10.6000004,"On        ","Right     ",4,0,144,46.7000008,96.9799957,16.4293995,147.7400055,"On        ","Right     ",7,0,NULL,NULL,1552816245000,1552816245000
1098172,"111004                                                                                                                                                                                                                                                         ",2019-03-17 09:50:46.000,"Start     ","On        ","On        ",240,"Off       ",0,11.5,"On        ","Right     ",4,0,144,46.7000008,96.9799957,16.337101,147.7400055,"On        ","Right     ",7,0,NULL,NULL,1552816246000,1552816246000
1098173,"111004                                                                                                                                                                                                                                                         ",2019-03-17 09:50:47.000,"Start     ","On        ","On        ",240,"Off       ",0,10.5500002,"On        ","Right     ",4,0,144,46.5,96.9799957,16.1525002,147.5599976,"On        ","Right     ",7,0,NULL,NULL,1552816247000,1552816247000
1098174,"111004                                                                                                                                                                                                                                                         ",2019-03-17 09:50:48.000,"Start     ","On        ","On        ",240,"Off       ",0,12.25,"On        ","Right     ",4,0,144,46.5999985,97.1600037,16.0601997,147.5599976,"On        ","Right     ",7,0,NULL,NULL,1552816248000,1552816248000
1098175,"111004                                                                                                                                                                                                                                                         ",2019-03-17 09:50:49.000,"Start     ","On        ","On        ",240,"Off       ",0,10.9499998,"On        ","Right     ",4,0,144,46.5999985,96.9799957,15.9678993,147.5599976,"On        ","Right     ",7,0,NULL,NULL,1552816249000,1552816249000
1098176,"111004                                                                                                                                                                                                                                                         ",2019-03-17 09:50:50.000,"Start     ","On        ","On        ",240,"Off       ",0,11.5,"On        ","Right     ",4,0,144,46.5,96.8000031,15.8756008,147.5599976,"On        ","Right     ",7,0,NULL,NULL,1552816250000,1552816250000
1098177,"111004                                                                                                                                                                                                                                                         ",2019-03-17 09:50:51.000,"Start     ","On        ","On        ",240,"Off       ",0,11.3500004,"On        ","Right     ",4,0,144,46.5,97.1600037,15.8756008,147.7400055,"On        ","Right     ",7,0,NULL,NULL,1552816251000,1552816251000
1098178,"111004                                                                                                                                                                                                                                                         ",2019-03-17 09:50:52.000,"Start     ","On        ","On        ",241,"Off       ",0,10.75,"On        ","Right     ",4,0,144,46.5,96.9799957,15.7833004,147.5599976,"On        ","Right     ",7,0,NULL,NULL,1552816252000,1552816252000
1098179,"111004                                                                                                                                                                                                                                                         ",2019-03-17 09:50:53.000,"Start     ","On        ","On        ",241,"Off       ",0,10.3000002,"On        ","Right     ",4,0,144,46.5,97.1600037,15.5986996,147.7400055,"On        ","Right     ",7,0,NULL,NULL,1552816253000,1552816253000
1098180,"111004                                                                                                                                                                                                                                                         ",2019-03-17 09:50:54.000,"Start     ","On        ","On        ",240,"Off       ",0,11.6499996,"On        ","Right     ",4,0,144,46.5,97.1600037,15.5986996,147.7400055,"On        ","Right     ",7,0,NULL,NULL,1552816254000,1552816254000
1098181,"111004                                                                                                                                                                                                                                                         ",2019-03-17 09:50:55.000,"Start     ","On        ","On        ",240,"Off       ",0,11.25,"On        ","Right     ",4,0,144,46.4000015,97.1600037,15.4141006,147.5599976,"On        ","Right     ",7,0,NULL,NULL,1552816255000,1552816255000
1098182,"111004                                                                                                                                                                                                                                                         ",2019-03-17 09:50:56.000,"Start     ","On        ","On        ",240,"Off       ",0,10.8000002,"On        ","Right     ",4,0,144,46.5,96.9799957,15.3218002,147.7400055,"On        ","Right     ",7,0,NULL,NULL,1552816256000,1552816256000
1098183,"111004                                                                                                                                                                                                                                                         ",2019-03-17 09:50:57.000,"Start     ","On        ","On        ",240,"Off       ",0,10.8500004,"On        ","Right     ",4,0,144,46.5,96.9799957,15.2294998,147.5599976,"On        ","Right     ",7,0,NULL,NULL,1552816257000,1552816257000
1098184,"111004                                                                                                                                                                                                                                                         ",2019-03-17 09:50:58.000,"Start     ","On        ","On        ",240,"Off       ",0,10.9499998,"On        ","Right     ",4,0,144,46.5999985,97.1600037,15.1371994,147.7400055,"On        ","Right     ",7,0,NULL,NULL,1552816258000,1552816258000
1098185,"111004                                                                                                                                                                                                                                                         ",2019-03-17 09:50:59.000,"Start     ","On        ","On        ",240,"Off       ",0,10.8999996,"On        ","Right     ",4,0,144,46.4000015,96.9799957,14.8603001,147.9199982,"On        ","Right     ",7,0,NULL,NULL,1552816259000,1552816259000
1098186,"111004                                                                                                                                                                                                                                                         ",2019-03-17 09:51:00.000,"Start     ","On        ","On        ",240,"Off       ",0,11.8000002,"On        ","Right     ",4,0,144,46.5,96.9799957,14.8603001,147.9199982,"On        ","Right     ",7,0,NULL,NULL,1552816260000,1552816260000
1098187,"111004                                                                                                                                                                                                                                                         ",2019-03-17 09:51:01.000,"Start     ","On        ","On        ",240,"Off       ",0,10.5,"On        ","Right     ",4,0,144,46.2999992,97.1600037,14.9526005,147.9199982,"On        ","Right     ",7,0,NULL,NULL,1552816261000,1552816261000
1098188,"111004                                                                                                                                                                                                                                                         ",2019-03-17 09:51:02.000,"Start     ","On        ","On        ",240,"Off       ",0,11.3999996,"On        ","Right     ",4,0,144,46.2999992,96.9799957,15.044899,147.9199982,"On        ","Right     ",7,0,NULL,NULL,1552816262000,1552816262000
1098189,"111004                                                                                                                                                                                                                                                         ",2019-03-17 09:51:03.000,"Start     ","On        ","On        ",241,"Off       ",0,9.3500004,"On        ","Right     ",4,0,144,46.2999992,97.1600037,15.1371994,147.9199982,"On        ","Right     ",7,0,NULL,NULL,1552816263000,1552816263000
1098190,"111004                                                                                                                                                                                                                                                         ",2019-03-17 09:51:04.000,"Start     ","On        ","On        ",241,"Off       ",0,11.6000004,"On        ","Right     ",4,0,144,46.4000015,97.1600037,14.9526005,148.1000061,"On        ","Right     ",7,0,NULL,NULL,1552816264000,1552816264000
1098191,"111004                                                                                                                                                                                                                                                         ",2019-03-17 09:51:05.000,"Start     ","On        ","On        ",241,"Off       ",0,10.8000002,"On        ","Right     ",4,0,144,46.4000015,96.9799957,14.7679996,147.9199982,"On        ","Right     ",7,0,NULL,NULL,1552816265000,1552816265000
1098192,"111004                                                                                                                                                                                                                                                         ",2019-03-17 09:51:06.000,"Start     ","On        ","On        ",241,"Off       ",0,10.6499996,"On        ","Right     ",4,0,144,46.4000015,96.9799957,14.8603001,148.1000061,"On        ","Right     ",7,0,NULL,NULL,1552816266000,1552816266000
1098193,"111004                                                                                                                                                                                                                                                         ",2019-03-17 09:51:07.000,"Start     ","On        ","On        ",241,"Off       ",0,11,"On        ","Right     ",4,0,144,46.2999992,96.8000031,14.8603001,147.9199982,"On        ","Right     ",7,0,NULL,NULL,1552816267000,1552816267000
1098194,"111004                                                                                                                                                                                                                                                         ",2019-03-17 09:51:08.000,"Start     ","On        ","On        ",241,"Off       ",0,10.9499998,"On        ","Right     ",4,0,144,46.2999992,97.1600037,14.8603001,147.9199982,"On        ","Right     ",7,0,NULL,NULL,1552816268000,1552816268000
1098195,"111004                                                                                                                                                                                                                                                         ",2019-03-17 09:51:09.000,"Start     ","On        ","On        ",241,"Off       ",0,11.1999998,"On        ","Right     ",4,0,144,46.2999992,96.9799957,14.9526005,147.9199982,"On        ","Right     ",7,0,NULL,NULL,1552816269000,1552816269000
1098196,"111004                                                                                                                                                                                                                                                         ",2019-03-17 09:51:10.000,"Start     ","On        ","On        ",241,"Off       ",0,11.3500004,"Off       ","Middle    ",0,0,144,46.2000008,97.1600037,14.9526005,147.9199982,"On        ","Right     ",7,0,NULL,NULL,1552816270000,1552816270000
1098197,"111004                                                                                                                                                                                                                                                         ",2019-03-17 09:51:11.000,"Start     ","On        ","On        ",241,"Off       ",0,10.3500004,"Off       ","Middle    ",0,0,144,46.2999992,96.9799957,14.9526005,147.9199982,"On        ","Right     ",7,0,NULL,NULL,1552816271000,1552816271000
1098198,"111004                                                                                                                                                                                                                                                         ",2019-03-17 09:51:12.000,"Start     ","On        ","On        ",241,"Off       ",0,12.25,"Off       ","Middle    ",0,0,145,46.2999992,96.9799957,14.7679996,148.2799988,"On        ","Right     ",7,0,NULL,NULL,1552816272000,1552816272000
1098199,"111004                                                                                                                                                                                                                                                         ",2019-03-17 09:51:13.000,"Start     ","On        ","On        ",241,"Off       ",0,11.3999996,"Off       ","Middle    ",0,0,145,46.2000008,97.1600037,14.9526005,148.4599915,"On        ","Right     ",7,0,NULL,NULL,1552816273000,1552816273000
1098200,"111004                                                                                                                                                                                                                                                         ",2019-03-17 09:51:14.000,"Start     ","On        ","On        ",241,"Off       ",0,11.5,"Off       ","Middle    ",0,0,145,46.2000008,97.1600037,14.9526005,148.2799988,"On        ","Right     ",7,0,NULL,NULL,1552816274000,1552816274000
1098201,"111004                                                                                                                                                                                                                                                         ",2019-03-17 09:51:15.000,"Start     ","On        ","On        ",241,"Off       ",0,11.25,"Off       ","Middle    ",0,0,145,46.2999992,97.1600037,14.3987999,148.2799988,"On        ","Right     ",7,0,NULL,NULL,1552816275000,1552816275000
1098202,"111004                                                                                                                                                                                                                                                         ",2019-03-17 09:51:16.000,"Start     ","On        ","On        ",241,"Off       ",0,11.3500004,"On        ","Left      ",4,0,145,46.0999985,97.1600037,14.1219006,148.2799988,"On        ","Right     ",7,0,NULL,NULL,1552816276000,1552816276000
1098203,"111004                                                                                                                                                                                                                                                         ",2019-03-17 09:51:17.000,"Start     ","On        ","On        ",241,"Off       ",0,11.3000002,"On        ","Left      ",4,0,145,46,97.1600037,13.8450003,148.4599915,"On        ","Right     ",7,0,NULL,NULL,1552816277000,1552816277000
1098204,"111004                                                                                                                                                                                                                                                         ",2019-03-17 09:51:18.000,"Start     ","On        ","On        ",240,"Off       ",0,11.3500004,"On        ","Left      ",4,0,145,46,97.1600037,13.3835001,148.4599915,"On        ","Right     ",7,0,NULL,NULL,1552816278000,1552816278000
1098205,"111004                                                                                                                                                                                                                                                         ",2019-03-17 09:51:19.000,"Start     ","On        ","On        ",240,"Off       ",0,11.3500004,"On        ","Left      ",4,0,145,45.7999992,97.1600037,13.1065998,148.4599915,"On        ","Right     ",7,0,NULL,NULL,1552816279000,1552816279000
1098206,"111004                                                                                                                                                                                                                                                         ",2019-03-17 09:51:20.000,"Start     ","On        ","On        ",240,"Off       ",0,11.3999996,"On        ","Left      ",4,0,145,45.7999992,97.1600037,12.5528002,148.2799988,"On        ","Right     ",7,0,NULL,NULL,1552816280000,1552816280000
1098207,"111004                                                                                                                                                                                                                                                         ",2019-03-17 09:51:21.000,"Start     ","On        ","On        ",240,"Off       ",0,11.8000002,"On        ","Left      ",4,0,145,45.7999992,97.1600037,11.9989996,148.2799988,"On        ","Right     ",7,0,NULL,NULL,1552816281000,1552816281000
1098208,"111004                                                                                                                                                                                                                                                         ",2019-03-17 09:51:22.000,"Start     ","On        ","On        ",240,"Off       ",0,10.75,"On        ","Left      ",4,0,145,45.7999992,97.1600037,12.2758999,148.2799988,"On        ","Right     ",7,0,NULL,NULL,1552816282000,1552816282000
1098209,"111004                                                                                                                                                                                                                                                         ",2019-03-17 09:51:23.000,"Start     ","On        ","On        ",240,"Off       ",0,10.75,"On        ","Left      ",4,0,145,45.7999992,97.1600037,12.8296995,148.6399994,"On        ","Right     ",7,0,NULL,NULL,1552816283000,1552816283000
1098210,"111004                                                                                                                                                                                                                                                         ",2019-03-17 09:51:24.000,"Start     ","On        ","On        ",240,"Off       ",0,11.1999998,"On        ","Left      ",4,0,145,45.7000008,97.3399963,13.4758005,148.6399994,"On        ","Right     ",7,0,NULL,NULL,1552816284000,1552816284000
1098211,"111004                                                                                                                                                                                                                                                         ",2019-03-17 09:51:25.000,"Start     ","On        ","On        ",240,"Off       ",0,11.6000004,"On        ","Left      ",4,0,145,45.7000008,97.1600037,13.9373007,148.6399994,"On        ","Right     ",7,0,NULL,NULL,1552816285000,1552816285000
1098212,"111004                                                                                                                                                                                                                                                         ",2019-03-17 09:51:26.000,"Start     ","On        ","On        ",240,"Off       ",0,12.1499996,"On        ","Left      ",4,0,145,45.7999992,97.1600037,14.0296001,148.6399994,"On        ","Right     ",7,0,NULL,NULL,1552816286000,1552816286000
1098213,"111004                                                                                                                                                                                                                                                         ",2019-03-17 09:51:27.000,"Start     ","On        ","On        ",240,"Off       ",0,11.3999996,"On        ","Left      ",4,0,145,45.7000008,97.3399963,14.2142,148.6399994,"On        ","Right     ",7,0,NULL,NULL,1552816287000,1552816287000
1098214,"111004                                                                                                                                                                                                                                                         ",2019-03-17 09:51:28.000,"Start     ","On        ","On        ",240,"Off       ",0,11.1000004,"On        ","Left      ",4,0,146,45.7000008,97.1600037,14.2142,148.6399994,"On        ","Right     ",7,0,NULL,NULL,1552816288000,1552816288000
1098215,"111004                                                                                                                                                                                                                                                         ",2019-03-17 09:51:29.000,"Start     ","On        ","On        ",240,"Off       ",0,11.9499998,"On        ","Left      ",4,0,146,45.7000008,97.1600037,14.3065004,148.6399994,"On        ","Right     ",7,0,NULL,NULL,1552816289000,1552816289000
1098216,"111004                                                                                                                                                                                                                                                         ",2019-03-17 09:51:30.000,"Start     ","On        ","On        ",240,"Off       ",0,11.5,"On        ","Left      ",4,0,146,45.7000008,97.1600037,14.3987999,148.6399994,"On        ","Right     ",7,0,NULL,NULL,1552816290000,1552816290000
1098217,"111004                                                                                                                                                                                                                                                         ",2019-03-17 09:51:31.000,"Start     ","On        ","On        ",240,"Off       ",0,11.6999998,"On        ","Left      ",4,0,146,45.7999992,97.1600037,14.3987999,148.8200073,"On        ","Right     ",7,0,NULL,NULL,1552816291000,1552816291000
1098218,"111004                                                                                                                                                                                                                                                         ",2019-03-17 09:51:32.000,"Start     ","On        ","On        ",239,"Off       ",0,11.1000004,"On        ","Left      ",4,0,146,45.7000008,97.3399963,14.9526005,149,"On        ","Right     ",7,0,NULL,NULL,1552816292000,1552816292000
1098219,"111004                                                                                                                                                                                                                                                         ",2019-03-17 09:51:33.000,"Start     ","On        ","On        ",239,"Off       ",0,11,"On        ","Left      ",4,0,146,45.7000008,97.1600037,14.8603001,149,"On        ","Right     ",7,0,NULL,NULL,1552816293000,1552816293000
1098220,"111004                                                                                                                                                                                                                                                         ",2019-03-17 09:51:34.000,"Start     ","On        ","On        ",239,"Off       ",0,10.5500002,"On        ","Left      ",4,0,146,45.7000008,97.1600037,14.8603001,149,"On        ","Right     ",7,0,NULL,NULL,1552816294000,1552816294000
1098221,"111004                                                                                                                                                                                                                                                         ",2019-03-17 09:51:35.000,"Start     ","On        ","On        ",239,"Off       ",0,10.4499998,"On        ","Left      ",4,0,146,45.7999992,97.1600037,14.9526005,149,"On        ","Right     ",7,0,NULL,NULL,1552816295000,1552816295000
1098222,"111004                                                                                                                                                                                                                                                         ",2019-03-17 09:51:36.000,"Start     ","On        ","On        ",239,"Off       ",0,11.1499996,"On        ","Left      ",4,0,146,45.7999992,97.1600037,15.044899,149,"On        ","Right     ",7,0,NULL,NULL,1552816296000,1552816296000
1098223,"111004                                                                                                                                                                                                                                                         ",2019-03-17 09:51:37.000,"Start     ","On        ","On        ",239,"Off       ",0,11.3000002,"On        ","Left      ",4,0,146,45.7999992,97.1600037,15.044899,149,"On        ","Right     ",7,0,NULL,NULL,1552816297000,1552816297000
1098224,"111004                                                                                                                                                                                                                                                         ",2019-03-17 09:51:38.000,"Start     ","On        ","On        ",239,"Off       ",0,11.8999996,"On        ","Left      ",4,0,146,45.7999992,97.1600037,14.5833998,148.8200073,"On        ","Right     ",7,0,NULL,NULL,1552816298000,1552816298000
1098225,"111004                                                                                                                                                                                                                                                         ",2019-03-17 09:51:39.000,"Start     ","On        ","On        ",239,"Off       ",0,11.5,"On        ","Left      ",4,0,146,45.7999992,97.1600037,14.4910994,148.8200073,"On        ","Right     ",7,0,NULL,NULL,1552816299000,1552816299000
1098226,"111004                                                                                                                                                                                                                                                         ",2019-03-17 09:51:40.000,"Start     ","On        ","On        ",239,"Off       ",0,10.5,"On        ","Left      ",4,0,146,45.7999992,97.1600037,14.9526005,149,"On        ","Right     ",7,0,NULL,NULL,1552816300000,1552816300000
1098227,"111004                                                                                                                                                                                                                                                         ",2019-03-17 09:51:41.000,"Start     ","On        ","On        ",239,"Off       ",0,11,"On        ","Left      ",4,0,146,46,97.1600037,14.2142,148.8200073,"On        ","Right     ",7,0,NULL,NULL,1552816301000,1552816301000
1098228,"111004                                                                                                                                                                                                                                                         ",2019-03-17 09:51:42.000,"Start     ","On        ","On        ",239,"Off       ",0,10.75,"On        ","Left      ",4,0,146,46,97.1600037,14.5833998,149,"On        ","Right     ",7,0,NULL,NULL,1552816302000,1552816302000
1098229,"111004                                                                                                                                                                                                                                                         ",2019-03-17 09:51:43.000,"Start     ","On        ","On        ",239,"Off       ",0,11.1999998,"On        ","Left      ",4,0,145,46,97.1600037,14.3987999,149.1799927,"On        ","Right     ",7,0,NULL,NULL,1552816303000,1552816303000
1098230,"111004                                                                                                                                                                                                                                                         ",2019-03-17 09:51:44.000,"Start     ","On        ","On        ",239,"Off       ",0,11,"On        ","Left      ",4,0,145,45.9000015,97.3399963,14.3065004,149.3600006,"On        ","Right     ",7,0,NULL,NULL,1552816304000,1552816304000
1098231,"111004                                                                                                                                                                                                                                                         ",2019-03-17 09:51:45.000,"Start     ","On        ","On        ",239,"Off       ",0,9.8500004,"On        ","Left      ",4,0,145,45.9000015,97.3399963,14.3065004,149.3600006,"On        ","Right     ",7,0,NULL,NULL,1552816305000,1552816305000
1098232,"111004                                                                                                                                                                                                                                                         ",2019-03-17 09:51:46.000,"Start     ","On        ","On        ",239,"Off       ",0,11.3500004,"On        ","Left      ",4,0,145,45.9000015,97.3399963,14.2142,149.1799927,"On        ","Right     ",7,0,NULL,NULL,1552816306000,1552816306000
1098233,"111004                                                                                                                                                                                                                                                         ",2019-03-17 09:51:47.000,"Start     ","On        ","On        ",239,"Off       ",0,11.4499998,"On        ","Left      ",4,0,146,45.9000015,97.3399963,14.3065004,149.3600006,"On        ","Right     ",7,0,NULL,NULL,1552816307000,1552816307000
1098234,"111004                                                                                                                                                                                                                                                         ",2019-03-17 09:51:48.000,"Start     ","On        ","On        ",239,"Off       ",0,11.3999996,"On        ","Left      ",4,0,146,45.7999992,97.3399963,14.3065004,149.3600006,"On        ","Right     ",7,0,NULL,NULL,1552816308000,1552816308000
1098235,"111004                                                                                                                                                                                                                                                         ",2019-03-17 09:51:49.000,"Start     ","On        ","On        ",239,"Off       ",0,11.4499998,"On        ","Left      ",4,0,146,45.7999992,97.3399963,14.3065004,149.3600006,"On        ","Right     ",7,0,NULL,NULL,1552816309000,1552816309000
1098236,"111004                                                                                                                                                                                                                                                         ",2019-03-17 09:51:50.000,"Start     ","On        ","On        ",239,"Off       ",0,10.5,"On        ","Left      ",4,0,146,45.7999992,97.3399963,14.2142,149.1799927,"On        ","Right     ",7,0,NULL,NULL,1552816310000,1552816310000
1098237,"111004                                                                                                                                                                                                                                                         ",2019-03-17 09:51:51.000,"Start     ","On        ","On        ",239,"Off       ",0,10.1499996,"On        ","Left      ",4,0,146,45.7000008,97.3399963,14.1219006,149.3600006,"On        ","Right     ",7,0,NULL,NULL,1552816311000,1552816311000
1098238,"111004                                                                                                                                                                                                                                                         ",2019-03-17 09:51:52.000,"Start     ","On        ","On        ",239,"Off       ",0,10.25,"On        ","Left      ",4,0,146,45.7000008,97.3399963,14.1219006,149.1799927,"On        ","Right     ",7,0,NULL,NULL,1552816312000,1552816312000
1098239,"111004                                                                                                                                                                                                                                                         ",2019-03-17 09:51:53.000,"Start     ","On        ","On        ",239,"Off       ",0,10.4499998,"On        ","Left      ",4,0,146,45.7000008,97.3399963,14.0296001,149.3600006,"On        ","Right     ",7,0,NULL,NULL,1552816313000,1552816313000
1098240,"111004                                                                                                                                                                                                                                                         ",2019-03-17 09:51:54.000,"Start     ","On        ","On        ",239,"Off       ",0,10,"On        ","Left      ",4,0,146,45.7000008,97.5200043,13.8450003,149.7200012,"On        ","Right     ",7,0,NULL,NULL,1552816314000,1552816314000
1098241,"111004                                                                                                                                                                                                                                                         ",2019-03-17 09:51:55.000,"Start     ","On        ","On        ",239,"Off       ",0,10.5500002,"On        ","Left      ",4,0,146,45.7000008,97.3399963,13.9373007,149.7200012,"On        ","Right     ",7,0,NULL,NULL,1552816315000,1552816315000
1098242,"111004                                                                                                                                                                                                                                                         ",2019-03-17 09:51:56.000,"Start     ","On        ","On        ",239,"Off       ",0,11,"On        ","Left      ",4,0,146,45.5999985,97.3399963,14.0296001,149.7200012,"On        ","Right     ",7,0,NULL,NULL,1552816316000,1552816316000
1098243,"111004                                                                                                                                                                                                                                                         ",2019-03-17 09:51:57.000,"Start     ","On        ","On        ",239,"Off       ",0,10.3999996,"On        ","Left      ",4,0,146,45.5,97.3399963,14.1219006,149.7200012,"On        ","Right     ",7,0,NULL,NULL,1552816317000,1552816317000
1098244,"111004                                                                                                                                                                                                                                                         ",2019-03-17 09:51:58.000,"Start     ","On        ","On        ",239,"Off       ",0,10.8500004,"On        ","Left      ",4,0,146,45.5,97.1600037,13.6604004,149.5400085,"On        ","Right     ",7,0,NULL,NULL,1552816318000,1552816318000
1098245,"111004                                                                                                                                                                                                                                                         ",2019-03-17 09:51:59.000,"Start     ","On        ","On        ",239,"Off       ",0,12.6000004,"Off       ","Middle    ",0,0,146,45.5,97.3399963,13.6604004,149.7200012,"On        ","Right     ",7,0,NULL,NULL,1552816319000,1552816319000
1098246,"111004                                                                                                                                                                                                                                                         ",2019-03-17 09:52:00.000,"Start     ","On        ","On        ",239,"Off       ",0,11.1000004,"Off       ","Middle    ",0,0,146,45.5,97.3399963,13.5681,149.5400085,"On        ","Right     ",7,0,NULL,NULL,1552816320000,1552816320000
1098247,"111004                                                                                                                                                                                                                                                         ",2019-03-17 09:52:01.000,"Start     ","On        ","On        ",239,"Off       ",0,11.3999996,"Off       ","Middle    ",0,0,146,45.4000015,97.3399963,13.5681,149.5400085,"On        ","Right     ",7,0,NULL,NULL,1552816321000,1552816321000
1098248,"111004                                                                                                                                                                                                                                                         ",2019-03-17 09:52:02.000,"Start     ","On        ","On        ",239,"Off       ",0,11,"Off       ","Middle    ",0,0,146,45.4000015,97.3399963,13.4758005,149.7200012,"On        ","Right     ",7,0,NULL,NULL,1552816322000,1552816322000
1098249,"111004                                                                                                                                                                                                                                                         ",2019-03-17 09:52:03.000,"Start     ","On        ","On        ",239,"Off       ",0,11.1499996,"Off       ","Middle    ",0,0,146,45.4000015,97.3399963,13.1989002,149.5400085,"On        ","Right     ",7,0,NULL,NULL,1552816323000,1552816323000
1098250,"111004                                                                                                                                                                                                                                                         ",2019-03-17 09:52:04.000,"Start     ","On        ","On        ",239,"Off       ",0,11.1999998,"Off       ","Middle    ",0,0,146,45.4000015,97.3399963,12.6450996,149.7200012,"On        ","Right     ",7,0,NULL,NULL,1552816324000,1552816324000
1098251,"111004                                                                                                                                                                                                                                                         ",2019-03-17 09:52:05.000,"Start     ","On        ","On        ",239,"Off       ",0,11.1999998,"On        ","Right     ",4,0,146,45.4000015,97.3399963,12.3681993,149.7200012,"On        ","Right     ",7,0,NULL,NULL,1552816325000,1552816325000
1098252,"111004                                                                                                                                                                                                                                                         ",2019-03-17 09:52:06.000,"Start     ","On        ","On        ",239,"Off       ",0,11.1999998,"On        ","Right     ",4,0,146,45.2999992,97.3399963,11.9066992,149.7200012,"On        ","Right     ",7,0,NULL,NULL,1552816326000,1552816326000
1098253,"111004                                                                                                                                                                                                                                                         ",2019-03-17 09:52:07.000,"Start     ","On        ","On        ",239,"Off       ",0,11.1999998,"On        ","Right     ",4,0,146,45.2999992,97.3399963,11.2606001,150.0800018,"On        ","Right     ",7,0,NULL,NULL,1552816327000,1552816327000
1098254,"111004                                                                                                                                                                                                                                                         ",2019-03-17 09:52:08.000,"Start     ","On        ","On        ",239,"Off       ",0,11.3000002,"On        ","Right     ",4,0,146,45.2000008,97.3399963,10.9836998,150.0800018,"On        ","Right     ",7,0,NULL,NULL,1552816328000,1552816328000
1098255,"111004                                                                                                                                                                                                                                                         ",2019-03-17 09:52:09.000,"Start     ","On        ","On        ",239,"Off       ",0,11.1999998,"On        ","Right     ",4,0,146,45.0999985,97.3399963,10.9836998,150.0800018,"On        ","Right     ",7,0,NULL,NULL,1552816329000,1552816329000
1098256,"111004                                                                                                                                                                                                                                                         ",2019-03-17 09:52:10.000,"Start     ","On        ","On        ",239,"Off       ",0,10.5500002,"On        ","Right     ",4,0,146,45.2000008,97.3399963,10.8914003,150.0800018,"On        ","Right     ",7,0,NULL,NULL,1552816330000,1552816330000
1098257,"111004                                                                                                                                                                                                                                                         ",2019-03-17 09:52:11.000,"Start     ","On        ","On        ",239,"Off       ",0,11.0500002,"On        ","Right     ",4,0,146,45.0999985,97.3399963,11.0760002,150.0800018,"On        ","Right     ",7,0,NULL,NULL,1552816331000,1552816331000
1098258,"111004                                                                                                                                                                                                                                                         ",2019-03-17 09:52:12.000,"Start     ","On        ","On        ",239,"Off       ",0,11.75,"On        ","Right     ",4,0,147,45.2000008,97.3399963,11.4452,150.4400024,"On        ","Right     ",7,0,NULL,NULL,1552816332000,1552816332000
1098259,"111004                                                                                                                                                                                                                                                         ",2019-03-17 09:52:13.000,"Start     ","On        ","On        ",239,"Off       ",0,10.9499998,"On        ","Right     ",4,0,147,45.2999992,97.3399963,11.9066992,150.4400024,"On        ","Right     ",7,0,NULL,NULL,1552816333000,1552816333000
1098260,"111004                                                                                                                                                                                                                                                         ",2019-03-17 09:52:14.000,"Start     ","On        ","On        ",239,"Off       ",0,10.75,"On        ","Right     ",4,0,147,45.2000008,97.3399963,12.1835995,150.4400024,"On        ","Right     ",7,0,NULL,NULL,1552816334000,1552816334000
1098261,"111004                                                                                                                                                                                                                                                         ",2019-03-17 09:52:15.000,"Start     ","On        ","On        ",239,"Off       ",0,10.75,"On        ","Right     ",4,0,147,45.2999992,97.3399963,12.0913,150.4400024,"On        ","Right     ",7,0,NULL,NULL,1552816335000,1552816335000
1098262,"111004                                                                                                                                                                                                                                                         ",2019-03-17 09:52:16.000,"Start     ","On        ","On        ",239,"Off       ",0,11.1999998,"On        ","Right     ",4,0,147,45.2000008,97.5200043,12.1835995,150.4400024,"On        ","Right     ",7,0,NULL,NULL,1552816336000,1552816336000
1098263,"111004                                                                                                                                                                                                                                                         ",2019-03-17 09:52:17.000,"Start     ","On        ","On        ",239,"Off       ",0,11.3500004,"On        ","Right     ",4,0,147,45.2999992,97.3399963,12.1835995,150.4400024,"On        ","Right     ",7,0,NULL,NULL,1552816337000,1552816337000
1098264,"111004                                                                                                                                                                                                                                                         ",2019-03-17 09:52:18.000,"Start     ","On        ","On        ",240,"Off       ",0,11,"On        ","Right     ",4,0,147,45.2000008,97.3399963,12.3681993,150.4400024,"On        ","Right     ",7,0,NULL,NULL,1552816338000,1552816338000
1098265,"111004                                                                                                                                                                                                                                                         ",2019-03-17 09:52:19.000,"Start     ","On        ","On        ",240,"Off       ",0,12.8999996,"On        ","Right     ",4,0,147,45.2000008,97.3399963,12.3681993,150.4400024,"On        ","Right     ",7,0,NULL,NULL,1552816339000,1552816339000
1098266,"111004                                                                                                                                                                                                                                                         ",2019-03-17 09:52:20.000,"Start     ","On        ","On        ",239,"Off       ",0,11.1499996,"On        ","Right     ",4,0,147,45.2999992,97.3399963,12.4604998,150.4400024,"On        ","Right     ",7,0,NULL,NULL,1552816340000,1552816340000
1098267,"111004                                                                                                                                                                                                                                                         ",2019-03-17 09:52:21.000,"Start     ","On        ","On        ",239,"Off       ",0,11.3500004,"On        ","Right     ",4,0,147,45.2999992,97.5200043,12.5528002,150.2599945,"On        ","Right     ",7,0,NULL,NULL,1552816341000,1552816341000
1098268,"111004                                                                                                                                                                                                                                                         ",2019-03-17 09:52:22.000,"Start     ","On        ","On        ",239,"Off       ",0,11.25,"On        ","Right     ",4,0,147,45.4000015,97.3399963,12.5528002,150.4400024,"On        ","Right     ",7,0,NULL,NULL,1552816342000,1552816342000
1098269,"111004                                                                                                                                                                                                                                                         ",2019-03-17 09:52:23.000,"Start     ","On        ","On        ",239,"Off       ",0,11.25,"On        ","Right     ",4,0,147,45.4000015,97.5200043,12.5528002,150.4400024,"On        ","Right     ",7,0,NULL,NULL,1552816343000,1552816343000
1098270,"111004                                                                                                                                                                                                                                                         ",2019-03-17 09:52:24.000,"Start     ","On        ","On        ",239,"Off       ",0,10.75,"On        ","Right     ",4,0,147,45.5,97.3399963,12.6450996,150.4400024,"On        ","Right     ",7,0,NULL,NULL,1552816344000,1552816344000
1098271,"111004                                                                                                                                                                                                                                                         ",2019-03-17 09:52:25.000,"Start     ","On        ","On        ",239,"Off       ",0,11.1000004,"On        ","Right     ",4,0,147,45.4000015,97.3399963,12.4604998,150.2599945,"On        ","Right     ",7,0,NULL,NULL,1552816345000,1552816345000
1098272,"111004                                                                                                                                                                                                                                                         ",2019-03-17 09:52:26.000,"Start     ","On        ","On        ",239,"Off       ",0,11,"On        ","Right     ",4,0,147,45.2999992,97.3399963,12.8296995,150.8000031,"On        ","Right     ",7,0,NULL,NULL,1552816346000,1552816346000
1098273,"111004                                                                                                                                                                                                                                                         ",2019-03-17 09:52:27.000,"Start     ","On        ","On        ",241,"Off       ",0,11.3000002,"On        ","Right     ",4,0,147,45.4000015,97.5200043,12.6450996,150.8000031,"On        ","Right     ",7,0,NULL,NULL,1552816347000,1552816347000
1098274,"111004                                                                                                                                                                                                                                                         ",2019-03-17 09:52:28.000,"Start     ","On        ","On        ",241,"Off       ",0,11.6000004,"On        ","Right     ",4,0,147,45.2999992,97.3399963,12.8296995,150.8000031,"On        ","Right     ",7,0,NULL,NULL,1552816348000,1552816348000
1098275,"111004                                                                                                                                                                                                                                                         ",2019-03-17 09:52:29.000,"Start     ","On        ","On        ",241,"Off       ",0,11.6999998,"On        ","Right     ",4,0,147,45.2999992,97.3399963,12.8296995,150.8000031,"On        ","Right     ",7,0,NULL,NULL,1552816349000,1552816349000
1098276,"111004                                                                                                                                                                                                                                                         ",2019-03-17 09:52:30.000,"Start     ","On        ","On        ",240,"Off       ",0,12.1499996,"On        ","Right     ",4,0,147,45.4000015,97.3399963,12.8296995,150.8000031,"On        ","Right     ",7,0,NULL,NULL,1552816350000,1552816350000
1098277,"111004                                                                                                                                                                                                                                                         ",2019-03-17 09:52:31.000,"Start     ","On        ","On        ",240,"Off       ",0,10.6499996,"On        ","Right     ",4,0,147,45.4000015,97.3399963,12.5528002,150.8000031,"On        ","Right     ",7,0,NULL,NULL,1552816351000,1552816351000
1098278,"111004                                                                                                                                                                                                                                                         ",2019-03-17 09:52:32.000,"Start     ","On        ","On        ",241,"Off       ",0,11.8999996,"On        ","Right     ",4,0,147,45.4000015,97.3399963,12.5528002,150.8000031,"On        ","Right     ",7,0,NULL,NULL,1552816352000,1552816352000
1098279,"111004                                                                                                                                                                                                                                                         ",2019-03-17 09:52:33.000,"Start     ","On        ","On        ",241,"Off       ",0,10.9499998,"On        ","Right     ",4,0,147,45.4000015,97.5200043,12.4604998,150.8000031,"On        ","Right     ",7,0,NULL,NULL,1552816353000,1552816353000
1098280,"111004                                                                                                                                                                                                                                                         ",2019-03-17 09:52:34.000,"Start     ","On        ","On        ",240,"Off       ",0,11,"On        ","Right     ",4,0,147,45.4000015,97.5200043,12.2758999,150.8000031,"On        ","Right     ",7,0,NULL,NULL,1552816354000,1552816354000
1098281,"111004                                                                                                                                                                                                                                                         ",2019-03-17 09:52:35.000,"Start     ","On        ","On        ",240,"Off       ",0,11.1499996,"On        ","Right     ",4,0,147,45.4000015,97.3399963,12.1835995,150.8000031,"On        ","Right     ",7,0,NULL,NULL,1552816355000,1552816355000
1098282,"111004                                                                                                                                                                                                                                                         ",2019-03-17 09:52:36.000,"Start     ","On        ","On        ",240,"Off       ",0,10.9499998,"On        ","Right     ",4,0,147,45.4000015,97.5200043,12.2758999,150.8000031,"On        ","Right     ",7,0,NULL,NULL,1552816356000,1552816356000
1098283,"111004                                                                                                                                                                                                                                                         ",2019-03-17 09:52:37.000,"Start     ","On        ","On        ",240,"Off       ",0,11.25,"On        ","Right     ",4,0,147,45.2000008,97.5200043,12.3681993,150.9799957,"On        ","Right     ",7,0,NULL,NULL,1552816357000,1552816357000
1098284,"111004                                                                                                                                                                                                                                                         ",2019-03-17 09:52:38.000,"Start     ","On        ","On        ",240,"Off       ",0,10.75,"On        ","Right     ",4,0,147,45.4000015,97.3399963,12.1835995,150.9799957,"On        ","Right     ",7,0,NULL,NULL,1552816358000,1552816358000
1098285,"111004                                                                                                                                                                                                                                                         ",2019-03-17 09:52:39.000,"Start     ","On        ","On        ",240,"Off       ",0,11.8999996,"On        ","Right     ",4,0,147,45.4000015,97.5200043,12.1835995,150.9799957,"On        ","Right     ",7,0,NULL,NULL,1552816359000,1552816359000
1098286,"111004                                                                                                                                                                                                                                                         ",2019-03-17 09:52:40.000,"Start     ","On        ","On        ",241,"Off       ",0,10.8999996,"On        ","Right     ",4,0,147,45.2999992,97.5200043,12.2758999,150.9799957,"On        ","Right     ",7,0,NULL,NULL,1552816360000,1552816360000
1098287,"111004                                                                                                                                                                                                                                                         ",2019-03-17 09:52:41.000,"Start     ","On        ","On        ",241,"Off       ",0,11.0500002,"On        ","Right     ",4,0,147,45.2999992,97.5200043,12.0913,150.9799957,"On        ","Right     ",7,0,NULL,NULL,1552816361000,1552816361000
1098288,"111004                                                                                                                                                                                                                                                         ",2019-03-17 09:52:42.000,"Start     ","On        ","On        ",241,"Off       ",0,11.1000004,"On        ","Right     ",4,0,147,45.4000015,97.5200043,11.9066992,150.9799957,"On        ","Right     ",7,0,NULL,NULL,1552816362000,1552816362000
1098289,"111004                                                                                                                                                                                                                                                         ",2019-03-17 09:52:43.000,"Start     ","On        ","On        ",241,"Off       ",0,11.1000004,"On        ","Right     ",4,0,147,45.2000008,97.5200043,11.9066992,150.9799957,"On        ","Right     ",7,0,NULL,NULL,1552816363000,1552816363000
1098290,"111004                                                                                                                                                                                                                                                         ",2019-03-17 09:52:44.000,"Start     ","On        ","On        ",241,"Off       ",0,10.75,"On        ","Right     ",4,0,147,45.2000008,97.3399963,11.9066992,150.9799957,"On        ","Right     ",7,0,NULL,NULL,1552816364000,1552816364000
1098291,"111004                                                                                                                                                                                                                                                         ",2019-03-17 09:52:45.000,"Start     ","On        ","On        ",241,"Off       ",0,9.5,"On        ","Right     ",4,0,147,45.2000008,97.6999969,11.8143997,150.9799957,"On        ","Right     ",7,0,NULL,NULL,1552816365000,1552816365000
1098292,"111004                                                                                                                                                                                                                                                         ",2019-03-17 09:52:46.000,"Start     ","On        ","On        ",241,"Off       ",0,11.4499998,"On        ","Right     ",4,0,147,45.2000008,97.5200043,11.9066992,150.9799957,"On        ","Right     ",7,0,NULL,NULL,1552816366000,1552816366000
1098293,"111004                                                                                                                                                                                                                                                         ",2019-03-17 09:52:47.000,"Start     ","On        ","On        ",241,"Off       ",0,9.8000002,"Off       ","Middle    ",0,0,147,45.2000008,97.5200043,11.8143997,150.9799957,"On        ","Right     ",7,0,NULL,NULL,1552816367000,1552816367000
1098294,"111004                                                                                                                                                                                                                                                         ",2019-03-17 09:52:48.000,"Start     ","On        ","On        ",241,"Off       ",0,13.1999998,"Off       ","Middle    ",0,0,147,45.2000008,97.5200043,11.9066992,150.9799957,"On        ","Right     ",7,0,NULL,NULL,1552816368000,1552816368000
1098295,"111004                                                                                                                                                                                                                                                         ",2019-03-17 09:52:49.000,"Start     ","On        ","On        ",241,"Off       ",0,10.3500004,"Off       ","Middle    ",0,0,147,45.2999992,97.5200043,11.6298008,151.3400116,"On        ","Right     ",7,0,NULL,NULL,1552816369000,1552816369000
1098296,"111004                                                                                                                                                                                                                                                         ",2019-03-17 09:52:50.000,"Start     ","On        ","On        ",240,"Off       ",0,10.9499998,"Off       ","Middle    ",0,0,147,45.2000008,97.6999969,11.7221003,150.9799957,"On        ","Right     ",7,0,NULL,NULL,1552816370000,1552816370000
1098297,"111004                                                                                                                                                                                                                                                         ",2019-03-17 09:52:51.000,"Start     ","On        ","On        ",240,"Off       ",0,11,"Off       ","Middle    ",0,0,147,45.0999985,97.5200043,11.4452,151.3400116,"On        ","Right     ",7,0,NULL,NULL,1552816371000,1552816371000
1098298,"111004                                                                                                                                                                                                                                                         ",2019-03-17 09:52:52.000,"Start     ","On        ","On        ",240,"Off       ",0,11.1000004,"Off       ","Middle    ",0,0,147,45,97.6999969,11.3529005,151.3400116,"On        ","Right     ",7,0,NULL,NULL,1552816372000,1552816372000
1098299,"111004                                                                                                                                                                                                                                                         ",2019-03-17 09:52:53.000,"Start     ","On        ","On        ",240,"Off       ",0,11.1000004,"Off       ","Middle    ",0,0,147,45,97.5200043,10.8914003,151.3400116,"On        ","Right     ",7,0,NULL,NULL,1552816373000,1552816373000
1098300,"111004                                                                                                                                                                                                                                                         ",2019-03-17 09:52:54.000,"Start     ","On        ","On        ",240,"Off       ",0,11.0500002,"On        ","Left      ",4,0,147,44.7999992,97.6999969,10.3375998,151.3400116,"On        ","Right     ",7,0,NULL,NULL,1552816374000,1552816374000
1098301,"111004                                                                                                                                                                                                                                                         ",2019-03-17 09:52:55.000,"Start     ","On        ","On        ",240,"Off       ",0,11.0500002,"On        ","Left      ",4,0,147,44.7999992,97.5200043,10.0606995,151.3400116,"On        ","Right     ",7,0,NULL,NULL,1552816375000,1552816375000
1098302,"111004                                                                                                                                                                                                                                                         ",2019-03-17 09:52:56.000,"Start     ","On        ","On        ",240,"Off       ",0,11.1000004,"On        ","Left      ",4,0,147,44.7000008,97.6999969,9.8760996,151.3400116,"On        ","Right     ",7,0,NULL,NULL,1552816376000,1552816376000
1098303,"111004                                                                                                                                                                                                                                                         ",2019-03-17 09:52:57.000,"Start     ","On        ","On        ",240,"Off       ",0,11.0500002,"On        ","Left      ",4,0,147,44.5999985,97.6999969,9.7838001,151.3400116,"On        ","Right     ",7,0,NULL,NULL,1552816377000,1552816377000
1098304,"111004                                                                                                                                                                                                                                                         ",2019-03-17 09:52:58.000,"Start     ","On        ","On        ",240,"Off       ",0,11.3000002,"On        ","Left      ",4,0,147,44.5999985,97.5200043,9.7838001,151.3400116,"On        ","Right     ",7,0,NULL,NULL,1552816378000,1552816378000
1098305,"111004                                                                                                                                                                                                                                                         ",2019-03-17 09:52:59.000,"Start     ","On        ","On        ",240,"Off       ",0,11.1499996,"On        ","Left      ",4,0,147,44.5999985,97.6999969,9.6914997,151.3400116,"On        ","Right     ",7,0,NULL,NULL,1552816379000,1552816379000
1098306,"111004                                                                                                                                                                                                                                                         ",2019-03-17 09:53:00.000,"Start     ","On        ","On        ",240,"Off       ",0,10.8999996,"On        ","Left      ",4,0,147,44.5,97.5200043,10.1529999,151.6999969,"On        ","Right     ",7,0,NULL,NULL,1552816380000,1552816380000
1098307,"111004                                                                                                                                                                                                                                                         ",2019-03-17 09:53:01.000,"Start     ","On        ","On        ",240,"Off       ",0,10.9499998,"On        ","Left      ",4,0,147,44.5999985,97.5200043,10.3375998,151.6999969,"On        ","Right     ",7,0,NULL,NULL,1552816381000,1552816381000
1098308,"111004                                                                                                                                                                                                                                                         ",2019-03-17 09:53:02.000,"Start     ","On        ","On        ",240,"Off       ",0,11.25,"On        ","Left      ",4,0,147,44.5999985,97.6999969,10.6145,151.6999969,"On        ","Right     ",7,0,NULL,NULL,1552816382000,1552816382000
1098309,"111004                                                                                                                                                                                                                                                         ",2019-03-17 09:53:03.000,"Start     ","On        ","On        ",240,"Off       ",0,10.9499998,"On        ","Left      ",4,0,147,44.5999985,97.5200043,10.9836998,151.6999969,"On        ","Right     ",7,0,NULL,NULL,1552816383000,1552816383000
1098310,"111004                                                                                                                                                                                                                                                         ",2019-03-17 09:53:04.000,"Start     ","On        ","On        ",240,"Off       ",0,11.75,"On        ","Left      ",4,0,147,44.7000008,97.5200043,11.1683006,151.6999969,"On        ","Right     ",7,0,NULL,NULL,1552816384000,1552816384000
1098311,"111004                                                                                                                                                                                                                                                         ",2019-03-17 09:53:05.000,"Start     ","On        ","On        ",241,"Off       ",0,12.1000004,"On        ","Left      ",4,0,148,44.7000008,97.5200043,11.4452,151.6999969,"On        ","Right     ",7,0,NULL,NULL,1552816385000,1552816385000
1098312,"111004                                                                                                                                                                                                                                                         ",2019-03-17 09:53:06.000,"Start     ","On        ","On        ",241,"Off       ",0,11.3000002,"On        ","Left      ",4,0,148,44.7999992,97.5200043,11.3529005,151.6999969,"On        ","Right     ",7,0,NULL,NULL,1552816386000,1552816386000
1098313,"111004                                                                                                                                                                                                                                                         ",2019-03-17 09:53:07.000,"Start     ","On        ","On        ",241,"Off       ",0,10.5500002,"On        ","Left      ",4,0,148,44.7999992,97.5200043,11.3529005,151.6999969,"On        ","Right     ",7,0,NULL,NULL,1552816387000,1552816387000
1098314,"111004                                                                                                                                                                                                                                                         ",2019-03-17 09:53:08.000,"Start     ","On        ","On        ",241,"Off       ",0,10.6499996,"On        ","Left      ",4,0,148,44.9000015,97.5200043,11.2606001,152.0599976,"On        ","Right     ",7,0,NULL,NULL,1552816388000,1552816388000
1098315,"111004                                                                                                                                                                                                                                                         ",2019-03-17 09:53:09.000,"Start     ","On        ","On        ",240,"Off       ",0,11.1499996,"On        ","Left      ",4,0,148,44.9000015,97.5200043,10.9836998,151.6999969,"On        ","Right     ",7,0,NULL,NULL,1552816389000,1552816389000
1098316,"111004                                                                                                                                                                                                                                                         ",2019-03-17 09:53:10.000,"Start     ","On        ","On        ",240,"Off       ",0,10.9499998,"On        ","Left      ",4,0,148,44.7999992,97.6999969,10.8914003,152.0599976,"On        ","Right     ",7,0,NULL,NULL,1552816390000,1552816390000
1098317,"111004                                                                                                                                                                                                                                                         ",2019-03-17 09:53:11.000,"Start     ","On        ","On        ",240,"Off       ",0,12.3999996,"On        ","Left      ",4,0,148,44.7999992,97.6999969,10.7990999,152.0599976,"On        ","Right     ",7,0,NULL,NULL,1552816391000,1552816391000
1098318,"111004                                                                                                                                                                                                                                                         ",2019-03-17 09:53:12.000,"Start     ","On        ","On        ",240,"Off       ",0,12.8999996,"On        ","Left      ",4,0,148,44.7000008,97.5200043,10.6145,152.0599976,"On        ","Right     ",7,0,NULL,NULL,1552816392000,1552816392000
1098319,"111004                                                                                                                                                                                                                                                         ",2019-03-17 09:53:13.000,"Start     ","On        ","On        ",240,"Off       ",0,10.8000002,"On        ","Left      ",4,0,149,44.7999992,97.5200043,10.5221996,152.0599976,"On        ","Right     ",7,0,NULL,NULL,1552816393000,1552816393000
1098320,"111004                                                                                                                                                                                                                                                         ",2019-03-17 09:53:14.000,"Start     ","On        ","On        ",240,"Off       ",0,11.4499998,"On        ","Left      ",4,0,149,44.7999992,97.5200043,10.6145,152.0599976,"On        ","Right     ",7,0,NULL,NULL,1552816394000,1552816394000
1098321,"111004                                                                                                                                                                                                                                                         ",2019-03-17 09:53:15.000,"Start     ","On        ","On        ",240,"Off       ",0,10.5500002,"On        ","Left      ",4,0,149,44.7999992,97.6999969,10.7068005,152.0599976,"On        ","Right     ",7,0,NULL,NULL,1552816395000,1552816395000
1098322,"111004                                                                                                                                                                                                                                                         ",2019-03-17 09:53:16.000,"Start     ","On        ","On        ",240,"Off       ",0,11.6000004,"On        ","Left      ",4,0,149,44.9000015,97.5200043,10.8914003,152.0599976,"On        ","Right     ",7,0,NULL,NULL,1552816396000,1552816396000
1098323,"111004                                                                                                                                                                                                                                                         ",2019-03-17 09:53:17.000,"Start     ","On        ","On        ",240,"Off       ",0,10.3500004,"On        ","Left      ",4,0,149,44.7999992,97.6999969,11.0760002,152.4199982,"On        ","Right     ",7,0,NULL,NULL,1552816397000,1552816397000
1098324,"111004                                                                                                                                                                                                                                                         ",2019-03-17 09:53:18.000,"Start     ","On        ","On        ",240,"Off       ",0,11.1999998,"On        ","Left      ",4,0,149,44.9000015,97.5200043,11.6298008,152.6000061,"On        ","Right     ",7,0,NULL,NULL,1552816398000,1552816398000
1098325,"111004                                                                                                                                                                                                                                                         ",2019-03-17 09:53:19.000,"Start     ","On        ","On        ",240,"Off       ",0,11.1499996,"On        ","Left      ",4,0,149,44.9000015,97.6999969,10.9836998,152.4199982,"On        ","Right     ",7,0,NULL,NULL,1552816399000,1552816399000
1098326,"111004                                                                                                                                                                                                                                                         ",2019-03-17 09:53:20.000,"Start     ","On        ","On        ",239,"Off       ",0,11.25,"On        ","Left      ",4,0,149,44.9000015,97.5200043,11.4452,152.6000061,"On        ","Right     ",7,0,NULL,NULL,1552816400000,1552816400000
1098327,"111004                                                                                                                                                                                                                                                         ",2019-03-17 09:53:21.000,"Start     ","On        ","On        ",239,"Off       ",0,10.9499998,"On        ","Left      ",4,0,149,44.9000015,97.5200043,10.9836998,152.4199982,"On        ","Right     ",7,0,NULL,NULL,1552816401000,1552816401000
1098328,"111004                                                                                                                                                                                                                                                         ",2019-03-17 09:53:22.000,"Start     ","On        ","On        ",239,"Off       ",0,10.6000004,"On        ","Left      ",4,0,149,45,97.6999969,10.7990999,152.4199982,"On        ","Right     ",7,0,NULL,NULL,1552816402000,1552816402000
1098329,"111004                                                                                                                                                                                                                                                         ",2019-03-17 09:53:23.000,"Start     ","On        ","On        ",239,"Off       ",0,10.9499998,"On        ","Left      ",4,0,149,45,97.6999969,10.6145,152.4199982,"On        ","Right     ",7,0,NULL,NULL,1552816403000,1552816403000
1098330,"111004                                                                                                                                                                                                                                                         ",2019-03-17 09:53:24.000,"Start     ","On        ","On        ",239,"Off       ",0,12.8500004,"On        ","Left      ",4,0,149,45,97.5200043,11.0760002,152.6000061,"On        ","Right     ",7,0,NULL,NULL,1552816404000,1552816404000
1098331,"111004                                                                                                                                                                                                                                                         ",2019-03-17 09:53:25.000,"Start     ","On        ","On        ",239,"Off       ",0,11.1000004,"On        ","Left      ",4,0,149,45,97.5200043,10.9836998,152.6000061,"On        ","Right     ",7,0,NULL,NULL,1552816405000,1552816405000
1098332,"111004                                                                                                                                                                                                                                                         ",2019-03-17 09:53:26.000,"Start     ","On        ","On        ",239,"Off       ",0,11.5500002,"On        ","Left      ",4,0,149,45,97.5200043,10.2453003,152.4199982,"On        ","Right     ",7,0,NULL,NULL,1552816406000,1552816406000
1098333,"111004                                                                                                                                                                                                                                                         ",2019-03-17 09:53:27.000,"Start     ","On        ","On        ",239,"Off       ",0,11.0500002,"On        ","Left      ",4,0,149,45,97.5200043,10.4299002,152.6000061,"On        ","Right     ",7,0,NULL,NULL,1552816407000,1552816407000
1098334,"111004                                                                                                                                                                                                                                                         ",2019-03-17 09:53:28.000,"Start     ","On        ","On        ",239,"Off       ",0,11.8000002,"On        ","Left      ",4,0,149,44.9000015,97.6999969,9.9684,152.4199982,"On        ","Right     ",7,0,NULL,NULL,1552816408000,1552816408000
1098335,"111004                                                                                                                                                                                                                                                         ",2019-03-17 09:53:29.000,"Start     ","On        ","On        ",239,"Off       ",0,8.8999996,"On        ","Left      ",4,0,149,44.9000015,97.5200043,10.6145,152.6000061,"On        ","Right     ",7,0,NULL,NULL,1552816409000,1552816409000
1098336,"111004                                                                                                                                                                                                                                                         ",2019-03-17 09:53:30.000,"Start     ","On        ","On        ",239,"Off       ",0,10.5500002,"On        ","Left      ",4,0,149,44.9000015,97.6999969,10.6145,152.7799988,"On        ","Right     ",7,0,NULL,NULL,1552816410000,1552816410000
1098337,"111004                                                                                                                                                                                                                                                         ",2019-03-17 09:53:31.000,"Start     ","On        ","On        ",239,"Off       ",0,10.9499998,"On        ","Left      ",4,0,149,44.9000015,97.5200043,10.5221996,152.7799988,"On        ","Right     ",7,0,NULL,NULL,1552816411000,1552816411000
1098338,"111004                                                                                                                                                                                                                                                         ",2019-03-17 09:53:32.000,"Start     ","On        ","On        ",239,"Off       ",0,10.25,"On        ","Left      ",4,0,149,44.7999992,97.5200043,10.4299002,152.7799988,"On        ","Right     ",7,0,NULL,NULL,1552816412000,1552816412000
1098339,"111004                                                                                                                                                                                                                                                         ",2019-03-17 09:53:33.000,"Start     ","On        ","On        ",239,"Off       ",0,12.8000002,"On        ","Left      ",4,0,149,44.9000015,97.6999969,10.5221996,152.7799988,"On        ","Right     ",7,0,NULL,NULL,1552816413000,1552816413000
1098340,"111004                                                                                                                                                                                                                                                         ",2019-03-17 09:53:34.000,"Start     ","On        ","On        ",239,"Off       ",0,11.1499996,"On        ","Left      ",4,0,149,44.9000015,97.5200043,10.5221996,152.6000061,"On        ","Right     ",7,0,NULL,NULL,1552816414000,1552816414000
1098341,"111004                                                                                                                                                                                                                                                         ",2019-03-17 09:53:35.000,"Start     ","On        ","On        ",239,"Off       ",0,10.8500004,"On        ","Left      ",4,0,149,44.9000015,97.5200043,10.5221996,152.7799988,"On        ","Right     ",7,0,NULL,NULL,1552816415000,1552816415000
1098342,"111004                                                                                                                                                                                                                                                         ",2019-03-17 09:53:36.000,"Start     ","On        ","On        ",239,"Off       ",0,10.8000002,"Off       ","Middle    ",0,0,149,44.9000015,97.5200043,10.6145,152.7799988,"On        ","Right     ",7,0,NULL,NULL,1552816416000,1552816416000
1098343,"111004                                                                                                                                                                                                                                                         ",2019-03-17 09:53:37.000,"Start     ","On        ","On        ",239,"Off       ",0,10.6499996,"Off       ","Middle    ",0,0,149,44.9000015,97.3399963,10.4299002,152.7799988,"On        ","Right     ",7,0,NULL,NULL,1552816417000,1552816417000
1098344,"111004                                                                                                                                                                                                                                                         ",2019-03-17 09:53:38.000,"Start     ","On        ","On        ",239,"Off       ",0,10.9499998,"Off       ","Middle    ",0,0,149,44.9000015,97.5200043,10.3375998,152.9599915,"On        ","Right     ",7,0,NULL,NULL,1552816418000,1552816418000
1098345,"111004                                                                                                                                                                                                                                                         ",2019-03-17 09:53:39.000,"Start     ","On        ","On        ",239,"Off       ",0,11,"Off       ","Middle    ",0,0,149,44.9000015,97.5200043,10.2453003,152.7799988,"On        ","Right     ",7,0,NULL,NULL,1552816419000,1552816419000
1098346,"111004                                                                                                                                                                                                                                                         ",2019-03-17 09:53:40.000,"Start     ","On        ","On        ",238,"Off       ",0,11.0500002,"Off       ","Middle    ",0,0,149,44.9000015,97.6999969,10.1529999,153.3200073,"On        ","Right     ",7,0,NULL,NULL,1552816420000,1552816420000
1098347,"111004                                                                                                                                                                                                                                                         ",2019-03-17 09:53:41.000,"Start     ","On        ","On        ",238,"Off       ",0,11.1000004,"Off       ","Middle    ",0,0,149,44.9000015,97.5200043,9.8760996,152.6000061,"On        ","Right     ",7,0,NULL,NULL,1552816421000,1552816421000
1098348,"111004                                                                                                                                                                                                                                                         ",2019-03-17 09:53:42.000,"Start     ","On        ","On        ",239,"Off       ",0,11,"On        ","Right     ",4,0,149,44.7999992,97.6999969,9.7838001,152.9599915,"On        ","Right     ",7,0,NULL,NULL,1552816422000,1552816422000
1098349,"111004                                                                                                                                                                                                                                                         ",2019-03-17 09:53:43.000,"Start     ","On        ","On        ",239,"Off       ",0,10.9499998,"On        ","Right     ",4,0,149,44.7000008,97.5200043,9.2299995,152.9599915,"On        ","Right     ",7,0,NULL,NULL,1552816423000,1552816423000
1098350,"111004                                                                                                                                                                                                                                                         ",2019-03-17 09:53:44.000,"Start     ","On        ","On        ",239,"Off       ",0,11,"On        ","Right     ",4,0,149,44.5999985,97.5200043,8.6761999,152.9599915,"On        ","Right     ",7,0,NULL,NULL,1552816424000,1552816424000
1098351,"111004                                                                                                                                                                                                                                                         ",2019-03-17 09:53:45.000,"Start     ","On        ","On        ",239,"Off       ",0,11,"On        ","Right     ",4,0,149,44.5999985,97.5200043,8.4916,153.1399994,"On        ","Right     ",7,0,NULL,NULL,1552816425000,1552816425000
1098352,"111004                                                                                                                                                                                                                                                         ",2019-03-17 09:53:46.000,"Start     ","On        ","On        ",239,"Off       ",0,10.4499998,"On        ","Right     ",4,0,149,44.5999985,97.5200043,8.3993006,152.9599915,"On        ","Right     ",7,0,NULL,NULL,1552816426000,1552816426000
1098353,"111004                                                                                                                                                                                                                                                         ",2019-03-17 09:53:47.000,"Start     ","On        ","On        ",239,"Off       ",0,10.8999996,"On        ","Right     ",4,0,149,44.5,97.5200043,8.3070002,152.9599915,"On        ","Right     ",7,0,NULL,NULL,1552816427000,1552816427000
1098354,"111004                                                                                                                                                                                                                                                         ",2019-03-17 09:53:48.000,"Start     ","On        ","On        ",239,"Off       ",0,12.3999996,"On        ","Right     ",4,0,149,44.5,97.5200043,8.4916,153.5,"On        ","Right     ",7,0,NULL,NULL,1552816428000,1552816428000
1098355,"111004                                                                                                                                                                                                                                                         ",2019-03-17 09:53:49.000,"Start     ","On        ","On        ",239,"Off       ",0,9.6999998,"On        ","Right     ",4,0,150,44.5999985,97.5200043,8.8608007,153.5,"On        ","Right     ",7,0,NULL,NULL,1552816429000,1552816429000
1098356,"111004                                                                                                                                                                                                                                                         ",2019-03-17 09:53:50.000,"Start     ","On        ","On        ",239,"Off       ",0,10.3500004,"On        ","Right     ",4,0,150,44.7000008,97.5200043,9.3223,153.5,"On        ","Right     ",7,0,NULL,NULL,1552816430000,1552816430000
1098357,"111004                                                                                                                                                                                                                                                         ",2019-03-17 09:53:51.000,"Start     ","On        ","On        ",239,"Off       ",0,10.8999996,"On        ","Right     ",4,0,150,44.7000008,97.5200043,9.6914997,153.5,"On        ","Right     ",7,0,NULL,NULL,1552816431000,1552816431000
1098358,"111004                                                                                                                                                                                                                                                         ",2019-03-17 09:53:52.000,"Start     ","On        ","On        ",239,"Off       ",0,10.8500004,"On        ","Right     ",4,0,150,44.7999992,97.5200043,9.8760996,153.5,"On        ","Right     ",7,0,NULL,NULL,1552816432000,1552816432000
1098359,"111004                                                                                                                                                                                                                                                         ",2019-03-17 09:53:53.000,"Start     ","On        ","On        ",239,"Off       ",0,10.8500004,"On        ","Right     ",4,0,150,44.7999992,97.5200043,10.0606995,153.5,"On        ","Right     ",7,0,NULL,NULL,1552816433000,1552816433000
1098360,"111004                                                                                                                                                                                                                                                         ",2019-03-17 09:53:54.000,"Start     ","On        ","On        ",239,"Off       ",0,11,"On        ","Right     ",4,0,150,44.7999992,97.5200043,10.0606995,153.5,"On        ","Right     ",7,0,NULL,NULL,1552816434000,1552816434000
1098361,"111004                                                                                                                                                                                                                                                         ",2019-03-17 09:53:55.000,"Start     ","On        ","On        ",239,"Off       ",0,10.8999996,"On        ","Right     ",4,0,150,44.7999992,97.5200043,9.8760996,153.5,"On        ","Right     ",7,0,NULL,NULL,1552816435000,1552816435000
1098362,"111004                                                                                                                                                                                                                                                         ",2019-03-17 09:53:56.000,"Start     ","On        ","On        ",239,"Off       ",0,10.6499996,"On        ","Right     ",4,0,150,45,97.5200043,9.7838001,153.5,"On        ","Right     ",7,0,NULL,NULL,1552816436000,1552816436000
1098364,"111004                                                                                                                                                                                                                                                         ",2019-03-17 09:53:57.000,"Start     ","On        ","On        ",239,"Off       ",0,11.8999996,"On        ","Right     ",4,0,150,45,97.6999969,9.5068998,153.8600006,"On        ","Right     ",7,0,NULL,NULL,1552816437000,1552816437000
1098370,"111004                                                                                                                                                                                                                                                         ",2019-03-17 09:53:58.000,"Start     ","On        ","On        ",240,"Off       ",0,11.1499996,"On        ","Right     ",4,0,150,44.9000015,97.6999969,9.5068998,153.8600006,"On        ","Right     ",7,0,NULL,NULL,1552816438000,1552816438000
1098369,"111004                                                                                                                                                                                                                                                         ",2019-03-17 09:53:59.000,"Start     ","On        ","On        ",240,"Off       ",0,8.8000002,"On        ","Right     ",4,0,150,44.9000015,97.6999969,9.5068998,153.5,"On        ","Right     ",7,0,NULL,NULL,1552816439000,1552816439000
1098365,"111004                                                                                                                                                                                                                                                         ",2019-03-17 09:54:00.000,"Start     ","On        ","On        ",240,"Off       ",0,10.6499996,"On        ","Right     ",4,0,150,44.9000015,97.5200043,9.3223,153.8600006,"On        ","Right     ",7,0,NULL,NULL,1552816440000,1552816440000
1098368,"111004                                                                                                                                                                                                                                                         ",2019-03-17 09:54:01.000,"Start     ","On        ","On        ",240,"Off       ",0,10.8999996,"On        ","Right     ",4,0,150,44.9000015,97.5200043,9.1377001,153.8600006,"On        ","Right     ",7,0,NULL,NULL,1552816441000,1552816441000
1098363,"111004                                                                                                                                                                                                                                                         ",2019-03-17 09:54:02.000,"Start     ","On        ","On        ",240,"Off       ",0,9.8500004,"On        ","Right     ",4,0,150,44.9000015,97.6999969,9.1377001,153.8600006,"On        ","Right     ",7,0,NULL,NULL,1552816442000,1552816442000
1098366,"111004                                                                                                                                                                                                                                                         ",2019-03-17 09:54:03.000,"Start     ","On        ","On        ",240,"Off       ",0,11.8000002,"On        ","Right     ",4,0,150,45,97.6999969,8.8608007,153.8600006,"On        ","Right     ",7,0,NULL,NULL,1552816443000,1552816443000
1098367,"111004                                                                                                                                                                                                                                                         ",2019-03-17 09:54:04.000,"Start     ","On        ","On        ",240,"Off       ",0,11.6000004,"On        ","Right     ",4,0,150,44.9000015,97.6999969,8.8608007,154.0400085,"On        ","Right     ",7,0,NULL,NULL,1552816444000,1552816444000
1098371,"111004                                                                                                                                                                                                                                                         ",2019-03-17 09:54:05.000,"Start     ","On        ","On        ",240,"Off       ",0,10.8500004,"On        ","Right     ",4,0,150,44.9000015,97.6999969,8.7685003,153.8600006,"On        ","Right     ",7,0,NULL,NULL,1552816445000,1552816445000
1098372,"111004                                                                                                                                                                                                                                                         ",2019-03-17 09:54:06.000,"Start     ","On        ","On        ",240,"Off       ",0,11.0500002,"On        ","Right     ",4,0,150,44.9000015,97.6999969,8.7685003,153.8600006,"On        ","Right     ",7,0,NULL,NULL,1552816446000,1552816446000
1098373,"111004                                                                                                                                                                                                                                                         ",2019-03-17 09:54:07.000,"Start     ","On        ","On        ",240,"Off       ",0,11.1000004,"On        ","Right     ",4,0,150,44.9000015,97.5200043,8.6761999,153.8600006,"On        ","Right     ",7,0,NULL,NULL,1552816447000,1552816447000
1098376,"111004                                                                                                                                                                                                                                                         ",2019-03-17 09:54:08.000,"Start     ","On        ","On        ",240,"Off       ",0,9.6999998,"On        ","Right     ",4,0,150,44.9000015,97.6999969,8.5839005,153.8600006,"On        ","Right     ",7,0,NULL,NULL,1552816448000,1552816448000
1098374,"111004                                                                                                                                                                                                                                                         ",2019-03-17 09:54:09.000,"Start     ","On        ","On        ",240,"Off       ",0,10.9499998,"On        ","Right     ",4,0,150,44.9000015,97.6999969,8.4916,153.8600006,"On        ","Right     ",7,0,NULL,NULL,1552816449000,1552816449000
1098377,"111004                                                                                                                                                                                                                                                         ",2019-03-17 09:54:10.000,"Start     ","On        ","On        ",241,"Off       ",0,10.6999998,"On        ","Right     ",4,0,150,44.9000015,97.5200043,8.4916,154.2200012,"On        ","Right     ",7,0,NULL,NULL,1552816450000,1552816450000
1098381,"111004                                                                                                                                                                                                                                                         ",2019-03-17 09:54:11.000,"Start     ","On        ","On        ",241,"Off       ",0,10.5,"On        ","Right     ",4,0,150,45,97.6999969,9.0454006,154.3999939,"On        ","Right     ",7,0,NULL,NULL,1552816451000,1552816451000
1098380,"111004                                                                                                                                                                                                                                                         ",2019-03-17 09:54:12.000,"Start     ","On        ","On        ",240,"Off       ",0,10.3500004,"On        ","Right     ",4,0,150,44.9000015,97.6999969,8.5839005,154.2200012,"On        ","Right     ",7,0,NULL,NULL,1552816452000,1552816452000
1098378,"111004                                                                                                                                                                                                                                                         ",2019-03-17 09:54:13.000,"Start     ","On        ","On        ",240,"Off       ",0,11.3999996,"On        ","Right     ",4,0,150,44.9000015,97.6999969,8.4916,154.2200012,"On        ","Right     ",7,0,NULL,NULL,1552816453000,1552816453000
1098375,"111004                                                                                                                                                                                                                                                         ",2019-03-17 09:54:14.000,"Start     ","On        ","On        ",240,"Off       ",0,10.5,"On        ","Right     ",4,0,150,44.7999992,97.6999969,8.5839005,154.2200012,"On        ","Right     ",7,0,NULL,NULL,1552816454000,1552816454000
1098379,"111004                                                                                                                                                                                                                                                         ",2019-03-17 09:54:15.000,"Start     ","On        ","On        ",240,"Off       ",0,11,"On        ","Right     ",4,0,150,44.7999992,97.6999969,8.3993006,154.2200012,"On        ","Right     ",7,0,NULL,NULL,1552816455000,1552816455000
1098382,"111004                                                                                                                                                                                                                                                         ",2019-03-17 09:54:16.000,"Start     ","On        ","On        ",241,"Off       ",0,12.3500004,"On        ","Right     ",4,0,151,44.7999992,97.6999969,8.4916,154.2200012,"On        ","Right     ",7,0,NULL,NULL,1552816456000,1552816456000
1098383,"111004                                                                                                                                                                                                                                                         ",2019-03-17 09:54:17.000,"Start     ","On        ","On        ",241,"Off       ",0,11,"On        ","Right     ",4,0,151,44.7999992,97.5200043,8.3993006,154.2200012,"On        ","Right     ",7,0,NULL,NULL,1552816457000,1552816457000
1098384,"111004                                                                                                                                                                                                                                                         ",2019-03-17 09:54:18.000,"Start     ","On        ","On        ",240,"Off       ",0,10.8000002,"On        ","Right     ",4,0,151,44.7999992,97.6999969,8.8608007,154.5800018,"On        ","Right     ",7,0,NULL,NULL,1552816458000,1552816458000
1098386,"111004                                                                                                                                                                                                                                                         ",2019-03-17 09:54:19.000,"Start     ","On        ","On        ",240,"Off       ",0,10.9499998,"On        ","Right     ",4,0,151,44.7999992,97.6999969,8.6761999,154.7599945,"On        ","Right     ",7,0,NULL,NULL,1552816459000,1552816459000
1098385,"111004                                                                                                                                                                                                                                                         ",2019-03-17 09:54:20.000,"Start     ","On        ","On        ",240,"Off       ",0,10.8999996,"On        ","Right     ",4,0,151,44.7000008,97.6999969,8.6761999,154.5800018,"On        ","Right     ",7,0,NULL,NULL,1552816460000,1552816460000
1098388,"111004                                                                                                                                                                                                                                                         ",2019-03-17 09:54:21.000,"Start     ","On        ","On        ",240,"Off       ",0,10.8500004,"On        ","Right     ",4,0,151,44.7000008,97.5200043,8.4916,154.5800018,"On        ","Right     ",7,0,NULL,NULL,1552816461000,1552816461000
1098387,"111004                                                                                                                                                                                                                                                         ",2019-03-17 09:54:22.000,"Start     ","On        ","On        ",240,"Off       ",0,13.6499996,"On        ","Right     ",4,0,151,44.7000008,97.6999969,8.3993006,154.5800018,"On        ","Right     ",7,0,NULL,NULL,1552816462000,1552816462000
1098389,"111004                                                                                                                                                                                                                                                         ",2019-03-17 09:54:23.000,"Start     ","On        ","On        ",240,"Off       ",0,11.25,"On        ","Right     ",4,0,151,44.7000008,97.6999969,8.2146997,154.3999939,"On        ","Right     ",7,0,NULL,NULL,1552816463000,1552816463000
1098390,"111004                                                                                                                                                                                                                                                         ",2019-03-17 09:54:24.000,"Start     ","On        ","On        ",240,"Off       ",0,10.5,"On        ","Right     ",4,0,151,44.7000008,97.6999969,8.1224003,154.5800018,"On        ","Right     ",7,0,NULL,NULL,1552816464000,1552816464000
1098391,"111004                                                                                                                                                                                                                                                         ",2019-03-17 09:54:25.000,"Start     ","On        ","On        ",240,"Off       ",0,10.6499996,"Off       ","Middle    ",0,0,151,44.5999985,97.6999969,8.1224003,154.5800018,"On        ","Right     ",7,0,NULL,NULL,1552816465000,1552816465000
1098392,"111004                                                                                                                                                                                                                                                         ",2019-03-17 09:54:26.000,"Start     ","On        ","On        ",240,"Off       ",0,11.0500002,"Off       ","Middle    ",0,0,151,44.5999985,97.6999969,7.9378004,154.5800018,"On        ","Right     ",7,0,NULL,NULL,1552816466000,1552816466000
1098393,"111004                                                                                                                                                                                                                                                         ",2019-03-17 09:54:27.000,"Start     ","On        ","On        ",241,"Off       ",0,12.0500002,"Off       ","Middle    ",0,0,151,44.5999985,97.6999969,7.8455,155.1199951,"On        ","Right     ",7,0,NULL,NULL,1552816467000,1552816467000
1098394,"111004                                                                                                                                                                                                                                                         ",2019-03-17 09:54:28.000,"Start     ","On        ","On        ",241,"Off       ",0,11.0500002,"Off       ","Middle    ",0,0,151,44.5999985,97.6999969,8.0300999,155.1199951,"On        ","Right     ",7,0,NULL,NULL,1552816468000,1552816468000
1098395,"111004                                                                                                                                                                                                                                                         ",2019-03-17 09:54:29.000,"Start     ","On        ","On        ",240,"Off       ",0,11,"Off       ","Middle    ",0,0,151,44.5999985,97.6999969,8.0300999,155.1199951,"On        ","Right     ",7,0,NULL,NULL,1552816469000,1552816469000
1098396,"111004                                                                                                                                                                                                                                                         ",2019-03-17 09:54:30.000,"Start     ","On        ","On        ",240,"Off       ",0,10.9499998,"Off       ","Middle    ",0,0,151,44.5999985,97.6999969,7.8455,154.9400024,"On        ","Right     ",7,0,NULL,NULL,1552816470000,1552816470000
1098397,"111004                                                                                                                                                                                                                                                         ",2019-03-17 09:54:31.000,"Start     ","On        ","On        ",240,"Off       ",0,10.9499998,"Off       ","Middle    ",0,0,151,44.5,97.6999969,7.7531996,154.9400024,"On        ","Right     ",7,0,NULL,NULL,1552816471000,1552816471000
1098398,"111004                                                                                                                                                                                                                                                         ",2019-03-17 09:54:32.000,"Start     ","On        ","On        ",240,"Off       ",0,10.8999996,"Off       ","Middle    ",0,0,151,44.5,97.6999969,7.5685997,155.1199951,"On        ","Right     ",7,0,NULL,NULL,1552816472000,1552816472000
1098399,"111004                                                                                                                                                                                                                                                         ",2019-03-17 09:54:33.000,"Start     ","On        ","On        ",240,"Off       ",0,10.8999996,"Off       ","Middle    ",0,0,151,44.5,97.6999969,7.2916999,155.1199951,"On        ","Right     ",7,0,NULL,NULL,1552816473000,1552816473000
1098400,"111004                                                                                                                                                                                                                                                         ",2019-03-17 09:54:34.000,"Start     ","On        ","On        ",240,"Off       ",0,10.8999996,"Off       ","Middle    ",0,0,151,44.5,97.6999969,7.0148001,155.1199951,"On        ","Right     ",7,0,NULL,NULL,1552816474000,1552816474000
1098401,"111004                                                                                                                                                                                                                                                         ",2019-03-17 09:54:35.000,"Start     ","On        ","On        ",239,"Off       ",0,10.8999996,"Off       ","Middle    ",0,0,152,44.5,97.6999969,6.7379003,155.1199951,"On        ","Right     ",7,0,NULL,NULL,1552816475000,1552816475000
1098402,"111004                                                                                                                                                                                                                                                         ",2019-03-17 09:54:36.000,"Start     ","On        ","On        ",239,"Off       ",0,10.8999996,"Off       ","Middle    ",0,0,152,44.5,97.6999969,6.5532999,154.9400024,"On        ","Right     ",7,0,NULL,NULL,1552816476000,1552816476000
1098403,"111004                                                                                                                                                                                                                                                         ",2019-03-17 09:54:37.000,"Start     ","On        ","On        ",239,"Off       ",0,10.8999996,"On        ","Left      ",4,0,152,44.2999992,97.5200043,6.3687,155.4799957,"On        ","Right     ",7,0,NULL,NULL,1552816477000,1552816477000
1098404,"111004                                                                                                                                                                                                                                                         ",2019-03-17 09:54:38.000,"Start     ","On        ","On        ",239,"Off       ",0,10.8999996,"On        ","Left      ",4,0,152,44.2000008,97.6999969,6.1840997,155.1199951,"On        ","Right     ",7,0,NULL,NULL,1552816478000,1552816478000
1098405,"111004                                                                                                                                                                                                                                                         ",2019-03-17 09:54:39.000,"Start     ","On        ","On        ",239,"Off       ",0,10.8999996,"On        ","Left      ",4,0,152,44.2000008,97.5200043,6.0917997,155.3000031,"On        ","Right     ",7,0,NULL,NULL,1552816479000,1552816479000
1098406,"111004                                                                                                                                                                                                                                                         ",2019-03-17 09:54:40.000,"Start     ","On        ","On        ",239,"Off       ",0,11,"On        ","Left      ",4,0,152,44.2000008,97.6999969,5.9994998,155.3000031,"On        ","Right     ",7,0,NULL,NULL,1552816480000,1552816480000
1098407,"111004                                                                                                                                                                                                                                                         ",2019-03-17 09:54:41.000,"Start     ","On        ","On        ",239,"Off       ",0,11.1000004,"On        ","Left      ",4,0,152,44.2000008,97.6999969,5.9071999,155.4799957,"On        ","Right     ",7,0,NULL,NULL,1552816481000,1552816481000
1098408,"111004                                                                                                                                                                                                                                                         ",2019-03-17 09:54:42.000,"Start     ","On        ","On        ",239,"Off       ",0,10.8999996,"On        ","Left      ",4,0,152,44.2000008,97.6999969,5.9071999,155.4799957,"On        ","Right     ",7,0,NULL,NULL,1552816482000,1552816482000
1098409,"111004                                                                                                                                                                                                                                                         ",2019-03-17 09:54:43.000,"Start     ","On        ","On        ",239,"Off       ",0,10.1000004,"On        ","Left      ",4,0,152,44.2000008,97.5200043,6.2764001,155.4799957,"On        ","Right     ",7,0,NULL,NULL,1552816483000,1552816483000
1098410,"111004                                                                                                                                                                                                                                                         ",2019-03-17 09:54:44.000,"Start     ","On        ","On        ",239,"Off       ",0,11.1000004,"On        ","Left      ",4,0,152,44.2999992,97.6999969,6.6455998,156.0200043,"On        ","Right     ",7,0,NULL,NULL,1552816484000,1552816484000
1098411,"111004                                                                                                                                                                                                                                                         ",2019-03-17 09:54:45.000,"Start     ","On        ","On        ",239,"Off       ",0,10.6999998,"On        ","Left      ",4,0,152,44.2999992,97.6999969,6.8302002,156.0200043,"On        ","Right     ",7,0,NULL,NULL,1552816485000,1552816485000
1098412,"111004                                                                                                                                                                                                                                                         ",2019-03-17 09:54:46.000,"Start     ","On        ","On        ",238,"Off       ",0,12.1000004,"On        ","Left      ",4,0,152,44.2999992,97.5200043,7.0148001,155.8400116,"On        ","Right     ",7,0,NULL,NULL,1552816486000,1552816486000
1098413,"111004                                                                                                                                                                                                                                                         ",2019-03-17 09:54:47.000,"Start     ","On        ","On        ",238,"Off       ",0,11.1499996,"On        ","Left      ",4,0,152,44.2999992,97.6999969,7.1993999,156.0200043,"On        ","Right     ",7,0,NULL,NULL,1552816487000,1552816487000
1098414,"111004                                                                                                                                                                                                                                                         ",2019-03-17 09:54:48.000,"Start     ","On        ","On        ",239,"Off       ",0,10.8500004,"On        ","Left      ",4,0,152,44.2999992,97.6999969,7.3839998,156.0200043,"On        ","Right     ",7,0,NULL,NULL,1552816488000,1552816488000
1098415,"111004                                                                                                                                                                                                                                                         ",2019-03-17 09:54:49.000,"Start     ","On        ","On        ",239,"Off       ",0,11.3000002,"On        ","Left      ",4,0,152,44.4000015,97.6999969,7.3839998,155.8400116,"On        ","Right     ",7,0,NULL,NULL,1552816489000,1552816489000
1098416,"111004                                                                                                                                                                                                                                                         ",2019-03-17 09:54:50.000,"Start     ","On        ","On        ",239,"Off       ",0,10.8999996,"On        ","Left      ",4,0,153,44.4000015,97.6999969,7.1993999,156.0200043,"On        ","Right     ",7,0,NULL,NULL,1552816490000,1552816490000
1098417,"111004                                                                                                                                                                                                                                                         ",2019-03-17 09:54:51.000,"Start     ","On        ","On        ",239,"Off       ",0,10.8500004,"On        ","Left      ",4,0,153,44.5,97.6999969,7.1993999,155.8400116,"On        ","Right     ",7,0,NULL,NULL,1552816491000,1552816491000
1098418,"111004                                                                                                                                                                                                                                                         ",2019-03-17 09:54:52.000,"Start     ","On        ","On        ",239,"Off       ",0,9.8000002,"On        ","Left      ",4,0,153,44.5,97.6999969,7.7531996,156.1999969,"On        ","Right     ",7,0,NULL,NULL,1552816492000,1552816492000
1098419,"111004                                                                                                                                                                                                                                                         ",2019-03-17 09:54:53.000,"Start     ","On        ","On        ",239,"Off       ",0,10.5,"On        ","Left      ",4,0,153,44.4000015,97.5200043,7.7531996,156.1999969,"On        ","Right     ",7,0,NULL,NULL,1552816493000,1552816493000
1098420,"111004                                                                                                                                                                                                                                                         ",2019-03-17 09:54:54.000,"Start     ","On        ","On        ",239,"Off       ",0,10.6999998,"On        ","Left      ",4,0,153,44.2000008,97.6999969,7.5685997,156.1999969,"On        ","Right     ",7,0,NULL,NULL,1552816494000,1552816494000
1098421,"111004                                                                                                                                                                                                                                                         ",2019-03-17 09:54:55.000,"Start     ","On        ","On        ",239,"Off       ",0,10.25,"On        ","Left      ",4,0,153,44.4000015,97.6999969,7.5685997,156.3800049,"On        ","Right     ",7,0,NULL,NULL,1552816495000,1552816495000
1098422,"111004                                                                                                                                                                                                                                                         ",2019-03-17 09:54:56.000,"Start     ","On        ","On        ",238,"Off       ",0,12.1499996,"On        ","Left      ",4,0,153,44.4000015,97.6999969,7.5685997,156.1999969,"On        ","Right     ",7,0,NULL,NULL,1552816496000,1552816496000
1098423,"111004                                                                                                                                                                                                                                                         ",2019-03-17 09:54:57.000,"Start     ","On        ","On        ",238,"Off       ",0,10.75,"On        ","Left      ",4,0,153,44.4000015,97.6999969,7.5685997,156.1999969,"On        ","Right     ",7,0,NULL,NULL,1552816497000,1552816497000
1098424,"111004                                                                                                                                                                                                                                                         ",2019-03-17 09:54:58.000,"Start     ","On        ","On        ",238,"Off       ",0,10.5,"On        ","Left      ",4,0,153,44.5,97.6999969,7.4763002,156.3800049,"On        ","Right     ",7,0,NULL,NULL,1552816498000,1552816498000
1098425,"111004                                                                                                                                                                                                                                                         ",2019-03-17 09:54:59.000,"Start     ","On        ","On        ",239,"Off       ",0,9.8000002,"On        ","Left      ",4,0,153,44.5,97.5200043,7.3839998,156.3800049,"On        ","Right     ",7,0,NULL,NULL,1552816499000,1552816499000
1098426,"111004                                                                                                                                                                                                                                                         ",2019-03-17 09:55:00.000,"Start     ","On        ","On        ",239,"Off       ",0,12.1000004,"On        ","Left      ",4,0,153,44.4000015,97.6999969,7.1993999,156.5599976,"On        ","Right     ",7,0,NULL,NULL,1552816500000,1552816500000
1098427,"111004                                                                                                                                                                                                                                                         ",2019-03-17 09:55:01.000,"Start     ","On        ","On        ",239,"Off       ",0,9.1499996,"On        ","Left      ",4,0,153,44.2999992,97.6999969,7.0148001,156.5599976,"On        ","Right     ",7,0,NULL,NULL,1552816501000,1552816501000
1098428,"111004                                                                                                                                                                                                                                                         ",2019-03-17 09:55:02.000,"Start     ","On        ","On        ",239,"Off       ",0,10.5,"On        ","Left      ",4,0,153,44.2000008,97.6999969,6.9225001,156.5599976,"On        ","Right     ",7,0,NULL,NULL,1552816502000,1552816502000
1098429,"111004                                                                                                                                                                                                                                                         ",2019-03-17 09:55:03.000,"Start     ","On        ","On        ",239,"Off       ",0,11.1000004,"On        ","Left      ",4,0,153,44.2000008,97.6999969,7.0148001,156.5599976,"On        ","Right     ",7,0,NULL,NULL,1552816503000,1552816503000
1098430,"111004                                                                                                                                                                                                                                                         ",2019-03-17 09:55:04.000,"Start     ","On        ","On        ",239,"Off       ",0,11.3000002,"On        ","Left      ",4,0,153,44.2000008,97.6999969,7.0148001,156.5599976,"On        ","Right     ",7,0,NULL,NULL,1552816504000,1552816504000
1098431,"111004                                                                                                                                                                                                                                                         ",2019-03-17 09:55:05.000,"Start     ","On        ","On        ",239,"Off       ",0,10,"On        ","Left      ",4,0,153,44.2999992,97.6999969,6.8302002,156.5599976,"On        ","Right     ",7,0,NULL,NULL,1552816505000,1552816505000
1098432,"111004                                                                                                                                                                                                                                                         ",2019-03-17 09:55:06.000,"Start     ","On        ","On        ",239,"Off       ",0,10.75,"On        ","Left      ",4,0,153,44.2000008,97.8799973,6.461,156.3800049,"On        ","Right     ",7,0,NULL,NULL,1552816506000,1552816506000
1098433,"111004                                                                                                                                                                                                                                                         ",2019-03-17 09:55:07.000,"Start     ","On        ","On        ",239,"Off       ",0,12.6999998,"On        ","Left      ",4,0,153,44.2000008,97.6999969,6.5532999,156.5599976,"On        ","Right     ",7,0,NULL,NULL,1552816507000,1552816507000
1098434,"111004                                                                                                                                                                                                                                                         ",2019-03-17 09:55:08.000,"Start     ","On        ","On        ",239,"Off       ",0,10.3999996,"On        ","Left      ",4,0,153,44.2000008,97.6999969,6.461,156.9199982,"On        ","Right     ",7,0,NULL,NULL,1552816508000,1552816508000
1098435,"111004                                                                                                                                                                                                                                                         ",2019-03-17 09:55:09.000,"Start     ","On        ","On        ",239,"Off       ",0,10.3999996,"On        ","Left      ",4,0,153,44.2000008,97.6999969,6.1840997,156.9199982,"On        ","Right     ",7,0,NULL,NULL,1552816509000,1552816509000
1098436,"111004                                                                                                                                                                                                                                                         ",2019-03-17 09:55:10.000,"Start     ","On        ","On        ",239,"Off       ",0,11.4499998,"On        ","Left      ",4,0,153,44.2000008,97.8799973,6.1840997,157.1000061,"On        ","Right     ",7,0,NULL,NULL,1552816510000,1552816510000
1098437,"111004                                                                                                                                                                                                                                                         ",2019-03-17 09:55:11.000,"Start     ","On        ","On        ",239,"Off       ",0,10.3500004,"On        ","Left      ",4,0,154,44.2000008,97.6999969,6.2764001,157.1000061,"On        ","Right     ",7,0,NULL,NULL,1552816511000,1552816511000
1098438,"111004                                                                                                                                                                                                                                                         ",2019-03-17 09:55:12.000,"Start     ","On        ","On        ",239,"Off       ",0,11.25,"On        ","Left      ",4,0,154,44.2000008,97.6999969,6.461,156.9199982,"On        ","Right     ",7,0,NULL,NULL,1552816512000,1552816512000
1098439,"111004                                                                                                                                                                                                                                                         ",2019-03-17 09:55:13.000,"Start     ","On        ","On        ",239,"Off       ",0,9.8500004,"On        ","Left      ",4,0,154,44.2000008,97.8799973,6.461,156.9199982,"On        ","Right     ",7,0,NULL,NULL,1552816513000,1552816513000
1098440,"111004                                                                                                                                                                                                                                                         ",2019-03-17 09:55:14.000,"Start     ","On        ","On        ",239,"Off       ",0,10.6000004,"Off       ","Middle    ",0,0,154,44.2000008,97.8799973,6.2764001,156.9199982,"On        ","Right     ",7,0,NULL,NULL,1552816514000,1552816514000
1098441,"111004                                                                                                                                                                                                                                                         ",2019-03-17 09:55:15.000,"Start     ","On        ","On        ",239,"Off       ",0,12.8500004,"Off       ","Middle    ",0,0,154,44.2000008,97.8799973,6.1840997,157.4599915,"On        ","Right     ",7,0,NULL,NULL,1552816515000,1552816515000
1098442,"111004                                                                                                                                                                                                                                                         ",2019-03-17 09:55:16.000,"Start     ","On        ","On        ",239,"Off       ",0,12.3000002,"Off       ","Middle    ",0,0,154,44.0999985,97.8799973,6.1840997,157.4599915,"On        ","Right     ",7,0,NULL,NULL,1552816516000,1552816516000
1098443,"111004                                                                                                                                                                                                                                                         ",2019-03-17 09:55:17.000,"Start     ","On        ","On        ",239,"Off       ",0,11.5,"Off       ","Middle    ",0,0,154,44,97.8799973,6.0917997,157.2799988,"On        ","Right     ",7,0,NULL,NULL,1552816517000,1552816517000
1098444,"111004                                                                                                                                                                                                                                                         ",2019-03-17 09:55:18.000,"Start     ","On        ","On        ",239,"Off       ",0,10.6000004,"Off       ","Middle    ",0,0,154,44,97.8799973,6.1840997,157.4599915,"On        ","Right     ",7,0,NULL,NULL,1552816518000,1552816518000
1098445,"111004                                                                                                                                                                                                                                                         ",2019-03-17 09:55:19.000,"Start     ","On        ","On        ",239,"Off       ",0,10.8000002,"Off       ","Middle    ",0,0,154,44,97.6999969,5.8149004,157.2799988,"On        ","Right     ",7,0,NULL,NULL,1552816519000,1552816519000
1098446,"111004                                                                                                                                                                                                                                                         ",2019-03-17 09:55:20.000,"Start     ","On        ","On        ",239,"Off       ",0,10.8500004,"Off       ","Middle    ",0,0,154,43.9000015,97.6999969,5.7226,157.2799988,"On        ","Right     ",7,0,NULL,NULL,1552816520000,1552816520000
1098447,"111004                                                                                                                                                                                                                                                         ",2019-03-17 09:55:21.000,"Start     ","On        ","On        ",238,"Off       ",0,10.8000002,"Off       ","Middle    ",0,0,154,44,97.8799973,5.3534002,157.8200073,"On        ","Right     ",7,0,NULL,NULL,1552816521000,1552816521000
1098448,"111004                                                                                                                                                                                                                                                         ",2019-03-17 09:55:22.000,"Start     ","On        ","On        ",238,"Off       ",0,10.8000002,"Off       ","Middle    ",0,0,154,43.9000015,97.8799973,5.6303,158,"On        ","Right     ",7,0,NULL,NULL,1552816522000,1552816522000
1098449,"111004                                                                                                                                                                                                                                                         ",2019-03-17 09:55:23.000,"Start     ","On        ","On        ",238,"Off       ",0,10.8000002,"Off       ","Middle    ",0,0,154,43.9000015,97.6999969,4.8919001,157.8200073,"On        ","Right     ",7,0,NULL,NULL,1552816523000,1552816523000
1098450,"111004                                                                                                                                                                                                                                                         ",2019-03-17 09:55:24.000,"Start     ","On        ","On        ",238,"Off       ",0,10.8000002,"Off       ","Middle    ",0,0,154,43.9000015,97.8799973,4.7072997,157.8200073,"On        ","Right     ",7,0,NULL,NULL,1552816524000,1552816524000
1098451,"111004                                                                                                                                                                                                                                                         ",2019-03-17 09:55:25.000,"Start     ","On        ","On        ",237,"Off       ",0,10.8000002,"Off       ","Middle    ",0,0,154,44,97.8799973,5.0764999,158,"On        ","Right     ",7,0,NULL,NULL,1552816525000,1552816525000
1098452,"111004                                                                                                                                                                                                                                                         ",2019-03-17 09:55:26.000,"Start     ","On        ","On        ",237,"Off       ",0,10.8000002,"On        ","Right     ",4,0,154,43.9000015,97.6999969,4.6149998,157.8200073,"On        ","Right     ",7,0,NULL,NULL,1552816526000,1552816526000
1098453,"111004                                                                                                                                                                                                                                                         ",2019-03-17 09:55:27.000,"Start     ","On        ","On        ",237,"Off       ",0,10.8000002,"On        ","Right     ",4,0,154,43.9000015,97.8799973,4.6149998,157.8200073,"On        ","Right     ",7,0,NULL,NULL,1552816527000,1552816527000
1098454,"111004                                                                                                                                                                                                                                                         ",2019-03-17 09:55:28.000,"Start     ","On        ","On        ",237,"Off       ",0,10.8500004,"On        ","Right     ",4,0,154,43.9000015,97.8799973,4.6149998,157.8200073,"On        ","Right     ",7,0,NULL,NULL,1552816528000,1552816528000
1098455,"111004                                                                                                                                                                                                                                                         ",2019-03-17 09:55:29.000,"Start     ","On        ","On        ",237,"Off       ",0,10.8000002,"On        ","Right     ",4,0,154,43.7999992,97.6999969,4.6149998,157.8200073,"On        ","Right     ",7,0,NULL,NULL,1552816529000,1552816529000
1098456,"111004                                                                                                                                                                                                                                                         ",2019-03-17 09:55:30.000,"Start     ","On        ","On        ",237,"Off       ",0,10.8000002,"On        ","Right     ",4,0,154,43.7999992,97.8799973,4.7072997,158,"On        ","Right     ",7,0,NULL,NULL,1552816530000,1552816530000
1098457,"111004                                                                                                                                                                                                                                                         ",2019-03-17 09:55:31.000,"Start     ","On        ","On        ",237,"Off       ",0,10.5,"On        ","Right     ",4,0,154,43.9000015,97.6999969,4.6149998,158,"On        ","Right     ",7,0,NULL,NULL,1552816531000,1552816531000
1098458,"111004                                                                                                                                                                                                                                                         ",2019-03-17 09:55:32.000,"Start     ","On        ","On        ",238,"Off       ",0,10.6000004,"On        ","Right     ",4,0,154,43.9000015,97.8799973,4.9842,158,"On        ","Right     ",7,0,NULL,NULL,1552816532000,1552816532000
1098459,"111004                                                                                                                                                                                                                                                         ",2019-03-17 09:55:33.000,"Start     ","On        ","On        ",238,"Off       ",0,10.4499998,"On        ","Right     ",4,0,154,43.9000015,97.6999969,5.5380001,158.1799927,"On        ","Right     ",7,0,NULL,NULL,1552816533000,1552816533000
1098460,"111004                                                                                                                                                                                                                                                         ",2019-03-17 09:55:34.000,"Start     ","On        ","On        ",238,"Off       ",0,11.25,"On        ","Right     ",4,0,154,43.9000015,97.8799973,5.7226,158,"On        ","Right     ",7,0,NULL,NULL,1552816534000,1552816534000
1098461,"111004                                                                                                                                                                                                                                                         ",2019-03-17 09:55:35.000,"Start     ","On        ","On        ",238,"Off       ",0,10.5500002,"On        ","Right     ",4,0,154,44,97.8799973,5.8149004,158,"On        ","Right     ",7,0,NULL,NULL,1552816535000,1552816535000
1098462,"111004                                                                                                                                                                                                                                                         ",2019-03-17 09:55:36.000,"Start     ","On        ","On        ",238,"Off       ",0,8.8000002,"On        ","Right     ",4,0,154,44,97.8799973,5.8149004,158,"On        ","Right     ",7,0,NULL,NULL,1552816536000,1552816536000
1098463,"111004                                                                                                                                                                                                                                                         ",2019-03-17 09:55:37.000,"Start     ","On        ","On        ",238,"Off       ",0,10.6000004,"On        ","Right     ",4,0,154,44,97.8799973,5.9071999,158,"On        ","Right     ",7,0,NULL,NULL,1552816537000,1552816537000
1098464,"111004                                                                                                                                                                                                                                                         ",2019-03-17 09:55:38.000,"Start     ","On        ","On        ",238,"Off       ",0,11.1999998,"On        ","Right     ",4,0,154,44,97.8799973,5.8149004,158.5400085,"On        ","Right     ",7,0,NULL,NULL,1552816538000,1552816538000
1098465,"111004                                                                                                                                                                                                                                                         ",2019-03-17 09:55:39.000,"Start     ","On        ","On        ",239,"Off       ",0,10.0500002,"On        ","Right     ",4,0,155,44.2000008,97.8799973,5.9071999,158.5400085,"On        ","Right     ",7,0,NULL,NULL,1552816539000,1552816539000
1098466,"111004                                                                                                                                                                                                                                                         ",2019-03-17 09:55:40.000,"Start     ","On        ","On        ",239,"Off       ",0,10.6000004,"On        ","Right     ",4,0,155,44.2000008,97.8799973,5.8149004,158.5400085,"On        ","Right     ",7,0,NULL,NULL,1552816540000,1552816540000
1098467,"111004                                                                                                                                                                                                                                                         ",2019-03-17 09:55:41.000,"Start     ","On        ","On        ",240,"Off       ",0,10.9499998,"On        ","Right     ",4,0,155,44.2000008,97.6999969,5.7226,158.5400085,"On        ","Right     ",7,0,NULL,NULL,1552816541000,1552816541000
1098468,"111004                                                                                                                                                                                                                                                         ",2019-03-17 09:55:42.000,"Start     ","On        ","On        ",240,"Off       ",0,12.6000004,"On        ","Right     ",4,0,155,44.2000008,97.8799973,5.5380001,158.5400085,"On        ","Right     ",7,0,NULL,NULL,1552816542000,1552816542000
1098469,"111004                                                                                                                                                                                                                                                         ",2019-03-17 09:55:43.000,"Start     ","On        ","On        ",239,"Off       ",0,10.75,"On        ","Right     ",4,0,155,44.2000008,97.8799973,5.6303,158.5400085,"On        ","Right     ",7,0,NULL,NULL,1552816543000,1552816543000
1098470,"111004                                                                                                                                                                                                                                                         ",2019-03-17 09:55:44.000,"Start     ","On        ","On        ",239,"Off       ",0,11.9499998,"On        ","Right     ",4,0,155,44.0999985,97.8799973,5.7226,158.5400085,"On        ","Right     ",7,0,NULL,NULL,1552816544000,1552816544000
1098471,"111004                                                                                                                                                                                                                                                         ",2019-03-17 09:55:45.000,"Start     ","On        ","On        ",240,"Off       ",0,9.75,"On        ","Right     ",4,0,155,44.0999985,97.8799973,5.8149004,158.3600006,"On        ","Right     ",7,0,NULL,NULL,1552816545000,1552816545000
1098472,"111004                                                                                                                                                                                                                                                         ",2019-03-17 09:55:46.000,"Start     ","On        ","On        ",240,"Off       ",0,10.9499998,"On        ","Right     ",4,0,155,44.2000008,97.8799973,5.7226,158.8999939,"On        ","Right     ",7,0,NULL,NULL,1552816546000,1552816546000
1098473,"111004                                                                                                                                                                                                                                                         ",2019-03-17 09:55:47.000,"Start     ","On        ","On        ",239,"Off       ",0,10.8000002,"On        ","Right     ",4,0,155,44.0999985,97.8799973,5.6303,158.8999939,"On        ","Right     ",7,0,NULL,NULL,1552816547000,1552816547000
1098474,"111004                                                                                                                                                                                                                                                         ",2019-03-17 09:55:48.000,"Start     ","On        ","On        ",239,"Off       ",0,11.0500002,"On        ","Right     ",4,0,155,44.2000008,97.8799973,5.6303,158.8999939,"On        ","Right     ",7,0,NULL,NULL,1552816548000,1552816548000
1098475,"111004                                                                                                                                                                                                                                                         ",2019-03-17 09:55:49.000,"Start     ","On        ","On        ",240,"Off       ",0,10.4499998,"On        ","Right     ",4,0,155,44.0999985,97.8799973,5.5380001,158.8999939,"On        ","Right     ",7,0,NULL,NULL,1552816549000,1552816549000
1098476,"111004                                                                                                                                                                                                                                                         ",2019-03-17 09:55:50.000,"Start     ","On        ","On        ",240,"Off       ",0,10.75,"Off       ","Middle    ",0,0,155,44,97.8799973,5.6303,158.8999939,"On        ","Right     ",7,0,NULL,NULL,1552816550000,1552816550000
1098477,"111004                                                                                                                                                                                                                                                         ",2019-03-17 09:55:51.000,"Start     ","On        ","On        ",241,"Off       ",0,9.6999998,"Off       ","Middle    ",0,0,155,44.2000008,97.8799973,5.5380001,158.8999939,"On        ","Right     ",7,0,NULL,NULL,1552816551000,1552816551000
1098478,"111004                                                                                                                                                                                                                                                         ",2019-03-17 09:55:52.000,"Start     ","On        ","On        ",241,"Off       ",0,10.8000002,"Off       ","Middle    ",0,0,155,44.2000008,97.8799973,5.3534002,158.8999939,"On        ","Right     ",7,0,NULL,NULL,1552816552000,1552816552000
1098479,"111004                                                                                                                                                                                                                                                         ",2019-03-17 09:55:53.000,"Start     ","On        ","On        ",241,"Off       ",0,10.9499998,"Off       ","Middle    ",0,0,155,44.2000008,97.8799973,5.2610998,158.8999939,"On        ","Right     ",7,0,NULL,NULL,1552816553000,1552816553000
1098480,"111004                                                                                                                                                                                                                                                         ",2019-03-17 09:55:54.000,"Start     ","On        ","On        ",241,"Off       ",0,10.9499998,"Off       ","Middle    ",0,0,155,44.0999985,98.0599976,5.1687999,159.0800018,"On        ","Right     ",7,0,NULL,NULL,1552816554000,1552816554000
1098481,"111004                                                                                                                                                                                                                                                         ",2019-03-17 09:55:55.000,"Start     ","Off       ","Off       ",240,"Off       ",0,10.75,"On        ","Right     ",4,0,155,44.0999985,97.8799973,4.9842,159.2599945,"On        ","Right     ",7,0,NULL,NULL,1552816555000,1552816555000
1098482,"111004                                                                                                                                                                                                                                                         ",2019-03-17 09:55:56.000,"Start     ","Off       ","Off       ",240,"Off       ",0,10.8000002,"On        ","Right     ",4,0,155,44.0999985,97.8799973,4.6149998,159.4400024,"On        ","Right     ",7,0,NULL,NULL,1552816556000,1552816556000
1098483,"111004                                                                                                                                                                                                                                                         ",2019-03-17 09:55:57.000,"Start     ","Off       ","Off       ",241,"Off       ",0,10.75,"On        ","Right     ",4,0,155,44.0999985,97.8799973,4.6149998,159.4400024,"On        ","Right     ",7,0,NULL,NULL,1552816557000,1552816557000
1098484,"111004                                                                                                                                                                                                                                                         ",2019-03-17 09:55:58.000,"Start     ","Off       ","Off       ",241,"Off       ",0,10.8500004,"On        ","Right     ",4,0,155,44,97.8799973,4.6149998,159.4400024,"On        ","Right     ",7,0,NULL,NULL,1552816558000,1552816558000
1098485,"111004                                                                                                                                                                                                                                                         ",2019-03-17 09:55:59.000,"Start     ","Off       ","Off       ",241,"Off       ",0,10.3999996,"On        ","Right     ",4,0,155,44,98.0599976,4.6149998,159.4400024,"On        ","Right     ",7,0,NULL,NULL,1552816559000,1552816559000
1098486,"111004                                                                                                                                                                                                                                                         ",2019-03-17 09:56:00.000,"Start     ","Off       ","Off       ",241,"Off       ",0,11.0500002,"On        ","Right     ",4,0,155,44,98.0599976,4.6149998,159.2599945,"On        ","Right     ",7,0,NULL,NULL,1552816560000,1552816560000
1098487,"111004                                                                                                                                                                                                                                                         ",2019-03-17 09:56:01.000,"Start     ","Off       ","Off       ",240,"Off       ",0,10.5,"On        ","Right     ",4,0,155,44,97.8799973,4.6149998,159.4400024,"On        ","Right     ",7,0,NULL,NULL,1552816561000,1552816561000
1098488,"111004                                                                                                                                                                                                                                                         ",2019-03-17 09:56:02.000,"Start     ","Off       ","Off       ",240,"Off       ",0,9.8999996,"On        ","Right     ",4,0,155,43.9000015,97.8799973,4.6149998,159.4400024,"On        ","Right     ",7,0,NULL,NULL,1552816562000,1552816562000
1098489,"111004                                                                                                                                                                                                                                                         ",2019-03-17 09:56:03.000,"Start     ","Off       ","Off       ",238,"Off       ",0,10.6999998,"On        ","Right     ",4,0,155,43.9000015,97.8799973,4.6149998,159.4400024,"On        ","Right     ",7,0,NULL,NULL,1552816563000,1552816563000
1098490,"111004                                                                                                                                                                                                                                                         ",2019-03-17 09:56:04.000,"Start     ","Off       ","Off       ",238,"Off       ",0,8.9499998,"On        ","Right     ",4,0,155,43.9000015,98.0599976,4.9842,159.8000031,"On        ","Right     ",7,0,NULL,NULL,1552816564000,1552816564000
1098491,"111004                                                                                                                                                                                                                                                         ",2019-03-17 09:56:05.000,"Start     ","Off       ","Off       ",235,"Off       ",0,10.1499996,"On        ","Right     ",4,0,155,43.9000015,98.0599976,5.0764999,159.8000031,"On        ","Right     ",7,0,NULL,NULL,1552816565000,1552816565000
1098492,"111004                                                                                                                                                                                                                                                         ",2019-03-17 09:56:06.000,"Start     ","Off       ","Off       ",235,"Off       ",0,10.8000002,"On        ","Right     ",4,0,155,43.9000015,98.0599976,4.9842,159.8000031,"On        ","Right     ",7,0,NULL,NULL,1552816566000,1552816566000
1098493,"111004                                                                                                                                                                                                                                                         ",2019-03-17 09:56:07.000,"Start     ","Off       ","Off       ",235,"Off       ",0,9.9499998,"On        ","Right     ",4,0,155,43.9000015,98.0599976,4.9842,159.8000031,"On        ","Right     ",7,0,NULL,NULL,1552816567000,1552816567000
1098494,"111004                                                                                                                                                                                                                                                         ",2019-03-17 09:56:08.000,"Start     ","Off       ","Off       ",232,"Off       ",0,10.8999996,"On        ","Right     ",4,0,155,43.9000015,98.0599976,4.8919001,159.8000031,"On        ","Right     ",7,0,NULL,NULL,1552816568000,1552816568000
1098495,"111004                                                                                                                                                                                                                                                         ",2019-03-17 09:56:09.000,"Start     ","Off       ","Off       ",232,"Off       ",0,11.4499998,"On        ","Right     ",4,0,155,43.9000015,98.0599976,4.7995996,159.8000031,"On        ","Right     ",7,0,NULL,NULL,1552816569000,1552816569000
1098496,"111004                                                                                                                                                                                                                                                         ",2019-03-17 09:56:10.000,"Start     ","Off       ","Off       ",228,"Off       ",0,10.6000004,"On        ","Right     ",4,0,155,43.9000015,98.0599976,4.7072997,159.8000031,"On        ","Right     ",7,0,NULL,NULL,1552816570000,1552816570000
1098497,"111004                                                                                                                                                                                                                                                         ",2019-03-17 09:56:11.000,"Start     ","Off       ","Off       ",228,"Off       ",0,11.75,"On        ","Right     ",4,0,155,43.7999992,98.0599976,4.6149998,159.8000031,"On        ","Right     ",7,0,NULL,NULL,1552816571000,1552816571000
1098498,"111004                                                                                                                                                                                                                                                         ",2019-03-17 09:56:12.000,"Start     ","Off       ","Off       ",224,"Off       ",0,9.8500004,"On        ","Right     ",4,0,155,43.9000015,98.0599976,4.6149998,159.8000031,"On        ","Right     ",7,0,NULL,NULL,1552816572000,1552816572000
1098499,"111004                                                                                                                                                                                                                                                         ",2019-03-17 09:56:13.000,"Start     ","Off       ","Off       ",224,"Off       ",0,10.5,"On        ","Right     ",4,0,155,43.7999992,98.0599976,4.6149998,159.8000031,"On        ","Right     ",7,0,NULL,NULL,1552816573000,1552816573000
1098500,"111004                                                                                                                                                                                                                                                         ",2019-03-17 09:56:14.000,"Start     ","Off       ","Off       ",219,"Off       ",0,11.1999998,"On        ","Right     ",4,0,155,43.7999992,98.0599976,4.6149998,159.8000031,"On        ","Right     ",7,0,NULL,NULL,1552816574000,1552816574000
1098501,"111004                                                                                                                                                                                                                                                         ",2019-03-17 09:56:15.000,"Start     ","Off       ","Off       ",219,"Off       ",0,10.3000002,"On        ","Right     ",4,0,155,43.7999992,98.0599976,4.6149998,159.8000031,"On        ","Right     ",7,0,NULL,NULL,1552816575000,1552816575000
1098502,"111004                                                                                                                                                                                                                                                         ",2019-03-17 09:56:16.000,"Start     ","Off       ","Off       ",215,"Off       ",0,10.1999998,"On        ","Right     ",4,0,155,43.7000008,98.0599976,4.6149998,159.8000031,"On        ","Right     ",7,0,NULL,NULL,1552816576000,1552816576000
1098503,"111004                                                                                                                                                                                                                                                         ",2019-03-17 09:56:17.000,"Start     ","Off       ","Off       ",215,"Off       ",0,12.6499996,"On        ","Right     ",4,0,155,43.7000008,98.0599976,4.6149998,160.1599884,"On        ","Right     ",7,0,NULL,NULL,1552816577000,1552816577000
1098504,"111004                                                                                                                                                                                                                                                         ",2019-03-17 09:56:18.000,"Start     ","Off       ","Off       ",211,"Off       ",0,11.4499998,"On        ","Right     ",4,0,155,43.7000008,98.0599976,4.6149998,159.8000031,"On        ","Right     ",7,0,NULL,NULL,1552816578000,1552816578000
1098505,"111004                                                                                                                                                                                                                                                         ",2019-03-17 09:56:19.000,"Start     ","Off       ","Off       ",211,"Off       ",0,10.3999996,"On        ","Right     ",4,0,155,43.7000008,97.8799973,4.6149998,160.1599884,"On        ","Right     ",7,0,NULL,NULL,1552816579000,1552816579000
1098506,"111004                                                                                                                                                                                                                                                         ",2019-03-17 09:56:20.000,"Start     ","Off       ","Off       ",207,"Off       ",0,12.4499998,"On        ","Right     ",4,0,154,43.7000008,98.0599976,4.6149998,159.8000031,"On        ","Right     ",7,0,NULL,NULL,1552816580000,1552816580000
1098507,"111004                                                                                                                                                                                                                                                         ",2019-03-17 09:56:21.000,"Start     ","Off       ","Off       ",207,"Off       ",0,11.3000002,"On        ","Right     ",4,0,154,43.5999985,98.0599976,4.6149998,159.8000031,"On        ","Right     ",7,0,NULL,NULL,1552816581000,1552816581000
1098508,"111004                                                                                                                                                                                                                                                         ",2019-03-17 09:56:22.000,"Start     ","Off       ","Off       ",203,"Off       ",0,10.3000002,"On        ","Right     ",4,0,154,43.5999985,98.0599976,4.6149998,160.1599884,"On        ","Right     ",7,0,NULL,NULL,1552816582000,1552816582000
1098509,"111004                                                                                                                                                                                                                                                         ",2019-03-17 09:56:23.000,"Start     ","Off       ","Off       ",203,"Off       ",0,11.6499996,"On        ","Right     ",4,0,154,43.5999985,98.0599976,4.6149998,159.9799957,"On        ","Right     ",7,0,NULL,NULL,1552816583000,1552816583000
1098510,"111004                                                                                                                                                                                                                                                         ",2019-03-17 09:56:24.000,"Start     ","Off       ","Off       ",199,"Off       ",0,9.8999996,"On        ","Right     ",4,0,154,43.5999985,98.0599976,4.6149998,159.9799957,"On        ","Right     ",7,0,NULL,NULL,1552816584000,1552816584000
1098511,"111004                                                                                                                                                                                                                                                         ",2019-03-17 09:56:25.000,"Start     ","Off       ","Off       ",199,"Off       ",0,9.8000002,"On        ","Right     ",4,0,154,43.5,98.0599976,4.6149998,160.1599884,"On        ","Right     ",7,0,NULL,NULL,1552816585000,1552816585000
1098512,"111004                                                                                                                                                                                                                                                         ",2019-03-17 09:56:26.000,"Start     ","Off       ","Off       ",199,"Off       ",0,10.6499996,"On        ","Right     ",4,0,154,43.5,98.0599976,4.6149998,160.1599884,"On        ","Right     ",7,0,NULL,NULL,1552816586000,1552816586000
1098513,"111004                                                                                                                                                                                                                                                         ",2019-03-17 09:56:27.000,"Start     ","Off       ","Off       ",199,"Off       ",0,10,"On        ","Right     ",4,0,154,43.5,98.0599976,4.6149998,159.8000031,"On        ","Right     ",7,0,NULL,NULL,1552816587000,1552816587000
1098514,"111004                                                                                                                                                                                                                                                         ",2019-03-17 09:56:28.000,"Start     ","Off       ","Off       ",199,"Off       ",0,10.25,"On        ","Right     ",4,0,154,43.5999985,98.0599976,4.6149998,160.1599884,"On        ","Right     ",7,0,NULL,NULL,1552816588000,1552816588000
1098515,"111004                                                                                                                                                                                                                                                         ",2019-03-17 09:56:29.000,"Start     ","Off       ","Off       ",199,"Off       ",0,10.8500004,"On        ","Right     ",4,0,154,43.5,98.0599976,4.6149998,160.1599884,"On        ","Right     ",7,0,NULL,NULL,1552816589000,1552816589000
1098516,"111004                                                                                                                                                                                                                                                         ",2019-03-17 09:56:30.000,"Start     ","Off       ","Off       ",199,"Off       ",0,11.3000002,"On        ","Right     ",4,0,154,43.5,97.8799973,4.6149998,159.9799957,"On        ","Right     ",7,0,NULL,NULL,1552816590000,1552816590000
1098517,"111004                                                                                                                                                                                                                                                         ",2019-03-17 09:56:31.000,"Start     ","Off       ","Off       ",190,"Off       ",0,11.25,"On        ","Right     ",4,0,153,43.5,98.0599976,4.6149998,160.1599884,"On        ","Right     ",7,0,NULL,NULL,1552816591000,1552816591000
1098518,"111004                                                                                                                                                                                                                                                         ",2019-03-17 09:56:32.000,"Start     ","Off       ","Off       ",190,"Off       ",0,11.1000004,"On        ","Right     ",4,0,153,43.4000015,98.0599976,4.6149998,160.1599884,"On        ","Right     ",7,0,NULL,NULL,1552816592000,1552816592000
1098519,"111004                                                                                                                                                                                                                                                         ",2019-03-17 09:56:33.000,"Start     ","Off       ","Off       ",187,"Off       ",0,11.6999998,"On        ","Right     ",4,0,153,43.4000015,98.2399979,4.6149998,160.1599884,"On        ","Right     ",7,0,NULL,NULL,1552816593000,1552816593000
1098520,"111004                                                                                                                                                                                                                                                         ",2019-03-17 09:56:34.000,"Start     ","Off       ","Off       ",187,"Off       ",0,9.75,"On        ","Right     ",4,0,153,43.5,98.0599976,4.6149998,160.1599884,"On        ","Right     ",7,0,NULL,NULL,1552816594000,1552816594000
1098521,"111004                                                                                                                                                                                                                                                         ",2019-03-17 09:56:35.000,"Start     ","Off       ","Off       ",184,"Off       ",0,11.3500004,"On        ","Right     ",4,0,153,43.4000015,98.0599976,4.6149998,160.1599884,"On        ","Right     ",7,0,NULL,NULL,1552816595000,1552816595000
1098522,"111004                                                                                                                                                                                                                                                         ",2019-03-17 09:56:36.000,"Start     ","Off       ","Off       ",184,"Off       ",0,9.8000002,"Off       ","Middle    ",0,0,153,43.4000015,98.0599976,4.6149998,160.1599884,"On        ","Right     ",7,0,NULL,NULL,1552816596000,1552816596000
1098523,"111004                                                                                                                                                                                                                                                         ",2019-03-17 09:56:37.000,"Start     ","Off       ","Off       ",182,"Off       ",0,10.9499998,"Off       ","Middle    ",0,0,153,43.2999992,98.0599976,4.6149998,159.9799957,"On        ","Right     ",7,0,NULL,NULL,1552816597000,1552816597000
1098524,"111004                                                                                                                                                                                                                                                         ",2019-03-17 09:56:38.000,"Start     ","Off       ","Off       ",182,"Off       ",0,10.3500004,"Off       ","Middle    ",0,0,153,43.2999992,98.0599976,4.6149998,159.8000031,"On        ","Right     ",7,0,NULL,NULL,1552816598000,1552816598000
1098525,"111004                                                                                                                                                                                                                                                         ",2019-03-17 09:56:39.000,"Start     ","Off       ","Off       ",180,"Off       ",0,10.6999998,"Off       ","Middle    ",0,0,153,43.4000015,97.8799973,4.6149998,159.9799957,"On        ","Right     ",7,0,NULL,NULL,1552816599000,1552816599000
1098526,"111004                                                                                                                                                                                                                                                         ",2019-03-17 09:56:40.000,"Start     ","Off       ","Off       ",180,"Off       ",0,11.0500002,"Off       ","Middle    ",0,0,153,43.2999992,98.0599976,4.6149998,159.8000031,"On        ","Right     ",7,0,NULL,NULL,1552816600000,1552816600000
1098527,"111004                                                                                                                                                                                                                                                         ",2019-03-17 09:56:41.000,"Start     ","Off       ","Off       ",178,"Off       ",0,10.6999998,"Off       ","Middle    ",0,0,152,43.2999992,98.0599976,4.6149998,159.8000031,"On        ","Right     ",7,0,NULL,NULL,1552816601000,1552816601000
1098528,"111004                                                                                                                                                                                                                                                         ",2019-03-17 09:56:42.000,"Start     ","Off       ","Off       ",178,"Off       ",0,10.8000002,"On        ","Left      ",4,0,152,43.2000008,98.2399979,4.6149998,159.8000031,"On        ","Right     ",7,0,NULL,NULL,1552816602000,1552816602000
1098529,"111004                                                                                                                                                                                                                                                         ",2019-03-17 09:56:43.000,"Start     ","Off       ","Off       ",175,"Off       ",0,10.75,"On        ","Left      ",4,0,152,43.2000008,98.0599976,4.6149998,159.8000031,"On        ","Right     ",7,0,NULL,NULL,1552816603000,1552816603000
1098530,"111004                                                                                                                                                                                                                                                         ",2019-03-17 09:56:44.000,"Start     ","Off       ","Off       ",175,"Off       ",0,10.75,"On        ","Left      ",4,0,152,43.2000008,98.0599976,4.6149998,159.8000031,"On        ","Right     ",7,0,NULL,NULL,1552816604000,1552816604000
1098531,"111004                                                                                                                                                                                                                                                         ",2019-03-17 09:56:45.000,"Start     ","Off       ","Off       ",173,"Off       ",0,10.8500004,"On        ","Left      ",4,0,152,43.2000008,98.0599976,4.6149998,159.8000031,"On        ","Right     ",7,0,NULL,NULL,1552816605000,1552816605000
1098532,"111004                                                                                                                                                                                                                                                         ",2019-03-17 09:56:46.000,"Start     ","Off       ","Off       ",173,"Off       ",0,10.8500004,"On        ","Left      ",4,0,152,43.2000008,98.0599976,4.6149998,159.8000031,"On        ","Right     ",7,0,NULL,NULL,1552816606000,1552816606000
1098533,"111004                                                                                                                                                                                                                                                         ",2019-03-17 09:56:47.000,"Start     ","Off       ","Off       ",173,"Off       ",0,11.1499996,"On        ","Left      ",4,0,152,43.2000008,98.0599976,4.6149998,159.8000031,"On        ","Right     ",7,0,NULL,NULL,1552816607000,1552816607000
1098534,"111004                                                                                                                                                                                                                                                         ",2019-03-17 09:56:48.000,"Start     ","Off       ","Off       ",171,"Off       ",0,11.1499996,"On        ","Left      ",4,0,152,43.0999985,98.0599976,4.6149998,159.8000031,"On        ","Right     ",7,0,NULL,NULL,1552816608000,1552816608000
1098535,"111004                                                                                                                                                                                                                                                         ",2019-03-17 09:56:49.000,"Start     ","Off       ","Off       ",171,"Off       ",0,10.6999998,"On        ","Left      ",4,0,152,43.2000008,98.0599976,4.6149998,159.8000031,"On        ","Right     ",7,0,NULL,NULL,1552816609000,1552816609000
1098536,"111004                                                                                                                                                                                                                                                         ",2019-03-17 09:56:50.000,"Start     ","Off       ","Off       ",170,"Off       ",0,10.3999996,"On        ","Left      ",4,0,152,43.0999985,98.0599976,4.6149998,159.8000031,"On        ","Right     ",7,0,NULL,NULL,1552816610000,1552816610000
1098537,"111004                                                                                                                                                                                                                                                         ",2019-03-17 09:56:51.000,"Start     ","Off       ","Off       ",170,"Off       ",0,10.3500004,"On        ","Left      ",4,0,152,43.0999985,98.2399979,4.6149998,159.8000031,"On        ","Right     ",7,0,NULL,NULL,1552816611000,1552816611000
1098538,"111004                                                                                                                                                                                                                                                         ",2019-03-17 09:56:52.000,"Start     ","Off       ","Off       ",168,"Off       ",0,10.8999996,"On        ","Left      ",4,0,151,43.0999985,98.0599976,4.6149998,159.8000031,"On        ","Right     ",7,0,NULL,NULL,1552816612000,1552816612000
1098539,"111004                                                                                                                                                                                                                                                         ",2019-03-17 09:56:53.000,"Start     ","Off       ","Off       ",168,"Off       ",0,10.1999998,"On        ","Left      ",4,0,151,43.0999985,98.0599976,4.6149998,159.8000031,"On        ","Right     ",7,0,NULL,NULL,1552816613000,1552816613000
1098540,"111004                                                                                                                                                                                                                                                         ",2019-03-17 09:56:54.000,"Start     ","Off       ","Off       ",167,"Off       ",0,12.5500002,"On        ","Left      ",4,0,151,43.0999985,98.0599976,4.6149998,159.8000031,"On        ","Right     ",7,0,NULL,NULL,1552816614000,1552816614000
1098541,"111004                                                                                                                                                                                                                                                         ",2019-03-17 09:56:55.000,"Start     ","Off       ","Off       ",167,"Off       ",0,10.5500002,"On        ","Left      ",4,0,151,43.0999985,98.0599976,4.6149998,159.8000031,"On        ","Right     ",7,0,NULL,NULL,1552816615000,1552816615000
1098542,"111004                                                                                                                                                                                                                                                         ",2019-03-17 09:56:56.000,"Start     ","Off       ","Off       ",166,"Off       ",0,10.9499998,"On        ","Left      ",4,0,151,43.0999985,98.0599976,4.6149998,159.8000031,"On        ","Right     ",7,0,NULL,NULL,1552816616000,1552816616000
1098543,"111004                                                                                                                                                                                                                                                         ",2019-03-17 09:56:57.000,"Start     ","Off       ","Off       ",166,"Off       ",0,11.25,"On        ","Left      ",4,0,151,43,98.0599976,4.6149998,159.8000031,"On        ","Right     ",7,0,NULL,NULL,1552816617000,1552816617000
1098544,"111004                                                                                                                                                                                                                                                         ",2019-03-17 09:56:58.000,"Start     ","Off       ","Off       ",164,"Off       ",0,10.6499996,"On        ","Left      ",4,0,151,43.0999985,98.0599976,4.6149998,159.4400024,"On        ","Right     ",7,0,NULL,NULL,1552816618000,1552816618000
1098545,"111004                                                                                                                                                                                                                                                         ",2019-03-17 09:56:59.000,"Start     ","Off       ","Off       ",164,"Off       ",0,10.6499996,"On        ","Left      ",4,0,151,43.0999985,98.0599976,4.6149998,159.4400024,"On        ","Right     ",7,0,NULL,NULL,1552816619000,1552816619000
1098546,"111004                                                                                                                                                                                                                                                         ",2019-03-17 09:57:00.000,"Start     ","Off       ","Off       ",163,"Off       ",0,10.5,"On        ","Left      ",4,0,150,43.0999985,98.0599976,4.6149998,159.6199951,"On        ","Right     ",7,0,NULL,NULL,1552816620000,1552816620000
1098547,"111004                                                                                                                                                                                                                                                         ",2019-03-17 09:57:01.000,"Start     ","Off       ","Off       ",163,"Off       ",0,10.5,"On        ","Left      ",4,0,150,43,98.0599976,4.6149998,159.4400024,"On        ","Right     ",7,0,NULL,NULL,1552816621000,1552816621000
1098548,"111004                                                                                                                                                                                                                                                         ",2019-03-17 09:57:02.000,"Start     ","Off       ","Off       ",161,"Off       ",0,10.75,"On        ","Left      ",4,0,150,43.0999985,98.0599976,4.6149998,159.4400024,"On        ","Right     ",7,0,NULL,NULL,1552816622000,1552816622000
1098549,"111004                                                                                                                                                                                                                                                         ",2019-03-17 09:57:03.000,"Start     ","Off       ","Off       ",161,"Off       ",0,10.6499996,"On        ","Left      ",4,0,150,43.0999985,98.0599976,4.6149998,159.4400024,"On        ","Right     ",7,0,NULL,NULL,1552816623000,1552816623000
1098550,"111004                                                                                                                                                                                                                                                         ",2019-03-17 09:57:04.000,"Start     ","Off       ","Off       ",160,"Off       ",0,10.6499996,"On        ","Left      ",4,0,150,43.0999985,98.0599976,4.6149998,159.4400024,"On        ","Right     ",7,0,NULL,NULL,1552816624000,1552816624000
1098551,"111004                                                                                                                                                                                                                                                         ",2019-03-17 09:57:05.000,"Start     ","Off       ","Off       ",160,"Off       ",0,10.6499996,"On        ","Left      ",4,0,150,43.0999985,98.0599976,4.6149998,159.4400024,"On        ","Right     ",7,0,NULL,NULL,1552816625000,1552816625000
1098552,"111004                                                                                                                                                                                                                                                         ",2019-03-17 09:57:06.000,"Start     ","Off       ","Off       ",159,"Off       ",0,10.6499996,"On        ","Left      ",4,0,150,43.0999985,98.0599976,4.6149998,159.4400024,"On        ","Right     ",7,0,NULL,NULL,1552816626000,1552816626000
1098553,"111004                                                                                                                                                                                                                                                         ",2019-03-17 09:57:07.000,"Start     ","Off       ","Off       ",159,"Off       ",0,10.6499996,"On        ","Left      ",4,0,150,43.0999985,98.0599976,4.6149998,159.4400024,"On        ","Right     ",7,0,NULL,NULL,1552816627000,1552816627000
1098554,"111004                                                                                                                                                                                                                                                         ",2019-03-17 09:57:08.000,"Start     ","Off       ","Off       ",158,"Off       ",0,10.6499996,"On        ","Left      ",4,0,149,43.0999985,98.0599976,4.6149998,158.8999939,"On        ","Right     ",7,0,NULL,NULL,1552816628000,1552816628000
1098555,"111004                                                                                                                                                                                                                                                         ",2019-03-17 09:57:09.000,"Start     ","Off       ","Off       ",158,"Off       ",0,10.6499996,"On        ","Left      ",4,0,149,43.0999985,97.8799973,4.6149998,158.8999939,"On        ","Right     ",7,0,NULL,NULL,1552816629000,1552816629000
1098556,"111004                                                                                                                                                                                                                                                         ",2019-03-17 09:57:10.000,"Start     ","Off       ","Off       ",158,"Off       ",0,10.6499996,"On        ","Left      ",4,0,149,43,98.0599976,4.6149998,158.8999939,"On        ","Right     ",7,0,NULL,NULL,1552816630000,1552816630000
1098557,"111004                                                                                                                                                                                                                                                         ",2019-03-17 09:57:11.000,"Start     ","Off       ","Off       ",158,"Off       ",0,10.6499996,"On        ","Left      ",4,0,149,43.0999985,98.0599976,4.6149998,159.0800018,"On        ","Right     ",7,0,NULL,NULL,1552816631000,1552816631000
1098558,"111004                                                                                                                                                                                                                                                         ",2019-03-17 09:57:12.000,"Start     ","Off       ","Off       ",158,"Off       ",0,10.6499996,"On        ","Left      ",4,0,149,43.0999985,98.0599976,4.6149998,158.8999939,"On        ","Right     ",7,0,NULL,NULL,1552816632000,1552816632000
1098559,"111004                                                                                                                                                                                                                                                         ",2019-03-17 09:57:13.000,"Start     ","Off       ","Off       ",158,"Off       ",0,10.6499996,"On        ","Left      ",4,0,149,43.2000008,98.0599976,4.6149998,158.8999939,"On        ","Right     ",7,0,NULL,NULL,1552816633000,1552816633000
1098560,"111004                                                                                                                                                                                                                                                         ",2019-03-17 09:57:14.000,"Start     ","Off       ","Off       ",158,"Off       ",0,10.6499996,"On        ","Left      ",4,0,149,43.0999985,97.8799973,4.6149998,158.8999939,"On        ","Right     ",7,0,NULL,NULL,1552816634000,1552816634000
1098561,"111004                                                                                                                                                                                                                                                         ",2019-03-17 09:57:15.000,"Start     ","Off       ","Off       ",155,"Off       ",0,10.6499996,"On        ","Left      ",4,0,149,43.0999985,98.0599976,4.6149998,159.0800018,"On        ","Right     ",7,0,NULL,NULL,1552816635000,1552816635000
1098562,"111004                                                                                                                                                                                                                                                         ",2019-03-17 09:57:16.000,"Start     ","Off       ","Off       ",155,"Off       ",0,10.6499996,"On        ","Left      ",4,0,149,43.0999985,97.8799973,4.6149998,158.5400085,"On        ","Right     ",7,0,NULL,NULL,1552816636000,1552816636000
1098563,"111004                                                                                                                                                                                                                                                         ",2019-03-17 09:57:17.000,"Start     ","Off       ","Off       ",153,"Off       ",0,10.6499996,"On        ","Left      ",4,0,148,43.0999985,97.8799973,4.6149998,158.5400085,"On        ","Right     ",7,0,NULL,NULL,1552816637000,1552816637000
1098564,"111004                                                                                                                                                                                                                                                         ",2019-03-17 09:57:18.000,"Start     ","Off       ","Off       ",153,"Off       ",0,10.6499996,"On        ","Left      ",4,0,148,43.0999985,97.8799973,4.6149998,158.5400085,"On        ","Right     ",7,0,NULL,NULL,1552816638000,1552816638000
1098565,"111004                                                                                                                                                                                                                                                         ",2019-03-17 09:57:19.000,"Start     ","Off       ","Off       ",153,"Off       ",0,10.6499996,"On        ","Left      ",4,0,148,43.0999985,98.0599976,4.6149998,158.5400085,"On        ","Right     ",7,0,NULL,NULL,1552816639000,1552816639000
1098566,"111004                                                                                                                                                                                                                                                         ",2019-03-17 09:57:20.000,"Start     ","Off       ","Off       ",153,"Off       ",0,10.6499996,"On        ","Left      ",4,0,148,43.2000008,98.0599976,4.6149998,158.5400085,"On        ","Right     ",7,0,NULL,NULL,1552816640000,1552816640000
1098567,"111004                                                                                                                                                                                                                                                         ",2019-03-17 09:57:21.000,"Start     ","Off       ","Off       ",153,"Off       ",0,10.6499996,"On        ","Left      ",4,0,148,43.2000008,97.8799973,4.6149998,158.5400085,"On        ","Right     ",7,0,NULL,NULL,1552816641000,1552816641000
1098568,"111004                                                                                                                                                                                                                                                         ",2019-03-17 09:57:22.000,"Start     ","Off       ","Off       ",153,"Off       ",0,10.3999996,"On        ","Left      ",4,0,148,43.0999985,97.8799973,4.6149998,158.1799927,"On        ","Right     ",7,0,NULL,NULL,1552816642000,1552816642000
1098569,"111004                                                                                                                                                                                                                                                         ",2019-03-17 09:57:23.000,"Start     ","Off       ","Off       ",153,"Off       ",0,10.3999996,"On        ","Left      ",4,0,148,43.2000008,97.8799973,4.6149998,158.1799927,"On        ","Right     ",7,0,NULL,NULL,1552816643000,1552816643000
1098570,"111004                                                                                                                                                                                                                                                         ",2019-03-17 09:57:24.000,"Start     ","Off       ","Off       ",153,"Off       ",0,10.3999996,"On        ","Left      ",4,0,148,43.0999985,97.8799973,4.6149998,158,"On        ","Right     ",7,0,NULL,NULL,1552816644000,1552816644000
1098571,"111004                                                                                                                                                                                                                                                         ",2019-03-17 09:57:25.000,"Start     ","Off       ","Off       ",149,"Off       ",0,10.3999996,"Off       ","Middle    ",0,0,147,43.2000008,97.8799973,4.6149998,158.1799927,"On        ","Right     ",7,0,NULL,NULL,1552816645000,1552816645000
1098572,"111004                                                                                                                                                                                                                                                         ",2019-03-17 09:57:26.000,"Start     ","Off       ","Off       ",149,"Off       ",0,11.3000002,"Off       ","Middle    ",0,0,147,43.2000008,97.6999969,4.6149998,158.1799927,"On        ","Right     ",7,0,NULL,NULL,1552816646000,1552816646000
1098573,"111004                                                                                                                                                                                                                                                         ",2019-03-17 09:57:27.000,"Start     ","Off       ","Off       ",148,"Off       ",0,11.3000002,"Off       ","Middle    ",0,0,147,43.2000008,97.8799973,4.6149998,158.1799927,"On        ","Right     ",7,0,NULL,NULL,1552816647000,1552816647000
1098574,"111004                                                                                                                                                                                                                                                         ",2019-03-17 09:57:28.000,"Start     ","Off       ","Off       ",148,"Off       ",0,11.3000002,"Off       ","Middle    ",0,0,147,43.2000008,97.8799973,4.6149998,158,"On        ","Right     ",7,0,NULL,NULL,1552816648000,1552816648000
1098575,"111004                                                                                                                                                                                                                                                         ",2019-03-17 09:57:29.000,"Start     ","Off       ","Off       ",147,"Off       ",0,11.3000002,"Off       ","Middle    ",0,0,147,43.2000008,97.6999969,4.6149998,157.8200073,"On        ","Right     ",7,0,NULL,NULL,1552816649000,1552816649000
1098576,"111004                                                                                                                                                                                                                                                         ",2019-03-17 09:57:30.000,"Start     ","Off       ","Off       ",147,"Off       ",0,11.3000002,"Off       ","Middle    ",0,0,147,43.2000008,97.8799973,4.6149998,158,"On        ","Right     ",7,0,NULL,NULL,1552816650000,1552816650000
1098577,"111004                                                                                                                                                                                                                                                         ",2019-03-17 09:57:31.000,"Start     ","Off       ","Off       ",146,"Off       ",0,10.75,"On        ","Right     ",4,0,147,43.2000008,97.6999969,4.6149998,157.8200073,"On        ","Right     ",7,0,NULL,NULL,1552816651000,1552816651000
1098578,"111004                                                                                                                                                                                                                                                         ",2019-03-17 09:57:32.000,"Start     ","Off       ","Off       ",146,"Off       ",0,10.75,"On        ","Right     ",4,0,147,43.2999992,97.6999969,4.6149998,158,"On        ","Right     ",7,0,NULL,NULL,1552816652000,1552816652000
1098579,"111004                                                                                                                                                                                                                                                         ",2019-03-17 09:57:33.000,"Start     ","Off       ","Off       ",145,"Off       ",0,10.75,"On        ","Right     ",4,0,146,43.2999992,97.8799973,4.6149998,157.8200073,"On        ","Right     ",7,0,NULL,NULL,1552816653000,1552816653000
1098580,"111004                                                                                                                                                                                                                                                         ",2019-03-17 09:57:34.000,"Start     ","Off       ","Off       ",145,"Off       ",0,10.75,"On        ","Right     ",4,0,146,43.2999992,97.8799973,4.6149998,158,"On        ","Right     ",7,0,NULL,NULL,1552816654000,1552816654000
1098581,"111004                                                                                                                                                                                                                                                         ",2019-03-17 09:57:35.000,"Start     ","Off       ","Off       ",145,"Off       ",0,10.75,"On        ","Right     ",4,0,146,43.2999992,97.6999969,4.6149998,158,"On        ","Right     ",7,0,NULL,NULL,1552816655000,1552816655000
1098582,"111004                                                                                                                                                                                                                                                         ",2019-03-17 09:57:36.000,"Start     ","Off       ","Off       ",144,"Off       ",0,10.8500004,"On        ","Right     ",4,0,146,43.2999992,97.6999969,4.6149998,157.4599915,"On        ","Right     ",7,0,NULL,NULL,1552816656000,1552816656000
1098583,"111004                                                                                                                                                                                                                                                         ",2019-03-17 09:57:37.000,"Start     ","Off       ","Off       ",144,"Off       ",0,10.8500004,"On        ","Right     ",4,0,146,43.4000015,97.8799973,4.6149998,157.6399994,"On        ","Right     ",7,0,NULL,NULL,1552816657000,1552816657000
1098584,"111004                                                                                                                                                                                                                                                         ",2019-03-17 09:57:38.000,"Start     ","Off       ","Off       ",144,"Off       ",0,10.8500004,"On        ","Right     ",4,0,145,43.4000015,97.6999969,4.6149998,157.6399994,"On        ","Right     ",7,0,NULL,NULL,1552816658000,1552816658000
1098585,"111004                                                                                                                                                                                                                                                         ",2019-03-17 09:57:39.000,"Start     ","Off       ","Off       ",144,"Off       ",0,10.4499998,"On        ","Right     ",4,0,145,43.4000015,97.6999969,4.6149998,157.4599915,"On        ","Right     ",7,0,NULL,NULL,1552816659000,1552816659000
1098586,"111004                                                                                                                                                                                                                                                         ",2019-03-17 09:57:40.000,"Start     ","Off       ","Off       ",143,"Off       ",0,10.4499998,"On        ","Right     ",4,0,145,43.4000015,97.6999969,4.6149998,157.1000061,"On        ","Right     ",7,0,NULL,NULL,1552816660000,1552816660000
1098587,"111004                                                                                                                                                                                                                                                         ",2019-03-17 09:57:41.000,"Start     ","Off       ","Off       ",143,"Off       ",0,10.75,"On        ","Right     ",4,0,145,43.4000015,97.6999969,4.6149998,157.1000061,"On        ","Right     ",7,0,NULL,NULL,1552816661000,1552816661000
1098588,"111004                                                                                                                                                                                                                                                         ",2019-03-17 09:57:42.000,"Start     ","Off       ","Off       ",142,"Off       ",0,10.75,"On        ","Right     ",4,0,145,43.5,97.6999969,4.6149998,157.1000061,"On        ","Right     ",7,0,NULL,NULL,1552816662000,1552816662000
1098589,"111004                                                                                                                                                                                                                                                         ",2019-03-17 09:57:43.000,"Start     ","Off       ","Off       ",142,"Off       ",0,8.6000004,"On        ","Right     ",4,0,145,43.5,97.6999969,4.6149998,157.1000061,"On        ","Right     ",7,0,NULL,NULL,1552816663000,1552816663000
1098590,"111004                                                                                                                                                                                                                                                         ",2019-03-17 09:57:44.000,"Start     ","Off       ","Off       ",141,"Off       ",0,8.6000004,"On        ","Right     ",4,0,145,43.4000015,97.8799973,4.6149998,156.5599976,"On        ","Right     ",7,0,NULL,NULL,1552816664000,1552816664000
1098591,"111004                                                                                                                                                                                                                                                         ",2019-03-17 09:57:45.000,"Start     ","Off       ","Off       ",141,"Off       ",0,8.6000004,"On        ","Right     ",4,0,145,43.5,97.6999969,4.6149998,156.5599976,"On        ","Right     ",7,0,NULL,NULL,1552816665000,1552816665000
1098592,"111004                                                                                                                                                                                                                                                         ",2019-03-17 09:57:46.000,"Start     ","Off       ","Off       ",141,"Off       ",0,10.6499996,"On        ","Right     ",4,0,145,43.5,97.6999969,4.6149998,156.5599976,"On        ","Right     ",7,0,NULL,NULL,1552816666000,1552816666000
1098593,"111004                                                                                                                                                                                                                                                         ",2019-03-17 09:57:47.000,"Start     ","Off       ","Off       ",140,"Off       ",0,10.6499996,"On        ","Right     ",4,0,144,43.5,97.6999969,4.6149998,156.5599976,"On        ","Right     ",7,0,NULL,NULL,1552816667000,1552816667000
1098594,"111004                                                                                                                                                                                                                                                         ",2019-03-17 09:57:48.000,"Start     ","Off       ","Off       ",140,"Off       ",0,12.25,"On        ","Right     ",4,0,144,43.4000015,97.6999969,4.6149998,156.5599976,"On        ","Right     ",7,0,NULL,NULL,1552816668000,1552816668000
1098595,"111004                                                                                                                                                                                                                                                         ",2019-03-17 09:57:49.000,"Start     ","Off       ","Off       ",139,"Off       ",0,10.4499998,"On        ","Right     ",4,0,144,43.5,97.6999969,4.6149998,156.1999969,"On        ","Right     ",7,0,NULL,NULL,1552816669000,1552816669000
1098596,"111004                                                                                                                                                                                                                                                         ",2019-03-17 09:57:50.000,"Start     ","Off       ","Off       ",139,"Off       ",0,10.4499998,"On        ","Right     ",4,0,144,43.5,97.6999969,4.6149998,156.1999969,"On        ","Right     ",7,0,NULL,NULL,1552816670000,1552816670000
1098597,"111004                                                                                                                                                                                                                                                         ",2019-03-17 09:57:51.000,"Start     ","Off       ","Off       ",138,"Off       ",0,10.6000004,"On        ","Right     ",4,0,144,43.5999985,97.6999969,4.6149998,156.1999969,"On        ","Right     ",7,0,NULL,NULL,1552816671000,1552816671000
1098598,"111004                                                                                                                                                                                                                                                         ",2019-03-17 09:57:52.000,"Start     ","Off       ","Off       ",138,"Off       ",0,10.6000004,"On        ","Right     ",4,0,144,43.5,97.6999969,4.6149998,156.3800049,"On        ","Right     ",7,0,NULL,NULL,1552816672000,1552816672000
1098599,"111004                                                                                                                                                                                                                                                         ",2019-03-17 09:57:53.000,"Start     ","Off       ","Off       ",137,"Off       ",0,10.1999998,"On        ","Right     ",4,0,143,43.5,97.6999969,4.6149998,156.1999969,"On        ","Right     ",7,0,NULL,NULL,1552816673000,1552816673000
1098600,"111004                                                                                                                                                                                                                                                         ",2019-03-17 09:57:54.000,"Start     ","Off       ","Off       ",137,"Off       ",0,11.4499998,"On        ","Right     ",4,0,143,43.5,97.6999969,4.6149998,156.0200043,"On        ","Right     ",7,0,NULL,NULL,1552816674000,1552816674000
1098601,"111004                                                                                                                                                                                                                                                         ",2019-03-17 09:57:55.000,"Start     ","Off       ","Off       ",136,"Off       ",0,11.4499998,"On        ","Right     ",4,0,143,43.5,97.8799973,4.6149998,156.0200043,"On        ","Right     ",7,0,NULL,NULL,1552816675000,1552816675000
1098602,"111004                                                                                                                                                                                                                                                         ",2019-03-17 09:57:56.000,"Stop      ","Off       ","Off       ",136,"Off       ",0,10.9499998,"Off       ","Middle    ",0,0,143,43.5,97.6999969,4.6149998,156.0200043,"Off       ","Middle    ",0,0,NULL,NULL,1552816676000,1552816676000
1098603,"111004                                                                                                                                                                                                                                                         ",2019-03-17 09:57:57.000,"Stop      ","Off       ","Off       ",136,"Off       ",0,10.9499998,"Off       ","Middle    ",0,0,143,43.5,97.6999969,4.6149998,155.4799957,"Off       ","Middle    ",0,0,NULL,NULL,1552816677000,1552816677000
1098604,"111004                                                                                                                                                                                                                                                         ",2019-03-17 09:57:58.000,"Stop      ","Off       ","Off       ",136,"Off       ",0,12,"Off       ","Middle    ",0,0,143,43.4000015,97.6999969,4.6149998,155.6599884,"Off       ","Middle    ",0,0,NULL,NULL,1552816678000,1552816678000
1098605,"111004                                                                                                                                                                                                                                                         ",2019-03-17 09:57:59.000,"Stop      ","Off       ","Off       ",136,"Off       ",0,10.5500002,"Off       ","Middle    ",0,0,142,43.2999992,97.6999969,4.6149998,155.6599884,"Off       ","Middle    ",0,0,NULL,NULL,1552816679000,1552816679000
1098606,"111004                                                                                                                                                                                                                                                         ",2019-03-17 09:58:00.000,"Stop      ","Off       ","Off       ",136,"Off       ",0,10.6499996,"Off       ","Middle    ",0,0,142,43.4000015,97.6999969,4.6149998,155.6599884,"Off       ","Middle    ",0,0,NULL,NULL,1552816680000,1552816680000
1098607,"111004                                                                                                                                                                                                                                                         ",2019-03-17 09:58:01.000,"Stop      ","Off       ","Off       ",135,"Off       ",0,10.6000004,"Off       ","Middle    ",0,0,142,43.4000015,97.6999969,4.6149998,155.4799957,"Off       ","Middle    ",0,0,NULL,NULL,1552816681000,1552816681000
1098608,"111004                                                                                                                                                                                                                                                         ",2019-03-17 09:58:02.000,"Stop      ","Off       ","Off       ",135,"Off       ",0,10.6000004,"Off       ","Middle    ",0,0,142,43.2999992,97.6999969,4.6149998,155.4799957,"Off       ","Middle    ",0,0,NULL,NULL,1552816682000,1552816682000
